1
17
22
30
31
33
33
34
37
37
38
46
51
60
67
69
72
76
77
77
82
90
107
108
117
121
122
122
131
133
135
145
154
156
170
175
175
186
186
187
188
193
193
217
220
224
227
231
234
243
245
251
252
254
260
266
270
278
283
284
290
301
301
308
317
322
337
341
343
349
358
358
360
361
362
365
378
379
382
386
400
408
411
417
418
422
439
444
451
462
465
474
480
480
490
493
507
510
516
521
527
534
539
542
544
554
578
581
582
582
591
604
614
617
619
621
622
629
634
634
641
645
647
647
652
657
661
672
683
687
691
704
722
723
725
725
727
729
729
730
739
741
748
751
751
752
755
761
761
767
768
775
779
786
813
815
816
816
816
821
824
828
830
844
850
851
857
859
861
862
865
866
870
871
877
881
885
886
893
896
899
905
910
912
914
916
923
926
937
947
953
955
960
964
972
974
986
987
989
990
1010
1011
1020
1023
1042
1042
1043
1051
1053
1053
1057
1069
1073
1075
1078
1082
1083
1087
1088
1104
1116
1119
1129
1130
1130
1132
1136
1137
1145
1150
1162
1165
1175
1187
1196
1200
1206
1207
1211
1211
1213
1228
1231
1251
1252
1256
1258
1279
1279
1279
1282
1286
1292
1300
1312
1313
1315
1317
1319
1320
1321
1328
1334
1351
1354
1356
1365
1379
1384
1387
1387
1393
1396
1399
1405
1405
1405
1406
1407
1409
1411
1412
1415
1418
1418
1436
1437
1439
1442
1445
1453
1453
1454
1460
1460
1469
1473
1477
1489
1489
1493
1494
1501
1509
1516
1516
1516
1517
1521
1528
1529
1529
1529
1533
1535
1536
1537
1543
1546
1550
1551
1553
1560
1570
1571
1572
1576
1579
1594
1596
1598
1604
1607
1617
1621
1629
1631
1635
1644
1649
1653
1657
1687
1701
1703
1703
1706
1707
1712
1713
1714
1715
1716
1717
1724
1725
1728
1731
1741
1743
1744
1746
1749
1756
1757
1758
1760
1769
1780
1785
1789
1791
1792
1793
1800
1807
1815
1818
1821
1823
1827
1828
1828
1828
1830
1832
1834
1835
1846
1847
1854
1858
1861
1865
1866
1866
1882
1885
1885
1894
1899
1901
1902
1909
1910
1913
1914
1915
1919
1921
1933
1936
1942
1948
1951
1955
1961
1962
1977
1978
1978
1984
1986
1987
1991
1998
2004
2005
2005
2006
2007
2007
2010
2020
2030
2046
2066
2067
2068
2085
2092
2097
2099
2100
2106
2112
2131
2133
2134
2146
2151
2156
2157
2157
2164
2174
2176
2191
2197
2199
2201
2226
2228
2229
2234
2235
2237
2238
2241
2243
2255
2255
2266
2266
2279
2280
2283
2286
2293
2295
2317
2327
2327
2327
2334
2335
2335
2340
2344
2351
2351
2353
2368
2377
2378
2380
2380
2382
2395
2400
2404
2410
2411
2414
2435
2438
2442
2450
2450
2453
2465
2468
2474
2475
2480
2481
2490
2499
2500
2505
2511
2522
2526
2552
2560
2561
2564
2566
2572
2578
2580
2584
2585
2587
2589
2594
2600
2600
2603
2607
2626
2628
2635
2635
2642
2643
2656
2658
2659
2662
2662
2664
2668
2670
2671
2687
2688
2688
2692
2704
2707
2715
2715
2715
2723
2732
2741
2749
2750
2752
2753
2762
2768
2769
2770
2772
2776
2778
2779
2779
2780
2786
2787
2789
2794
2805
2810
2811
2813
2815
2816
2818
2820
2822
2822
2823
2828
2835
2857
2868
2871
2875
2876
2879
2882
2888
2892
2899
2900
2912
2914
2917
2917
2921
2922
2922
2926
2930
2938
2944
2949
2952
2958
2965
2967
2969
2970
2972
2974
2987
2995
2997
3011
3015
3015
3017
3017
3018
3018
3022
3025
3026
3028
3049
3054
3057
3058
3062
3062
3068
3069
3071
3076
3080
3084
3089
3092
3097
3097
3106
3109
3111
3119
3119
3131
3144
3154
3154
3159
3171
3173
3174
3191
3191
3197
3198
3200
3203
3204
3226
3227
3238
3241
3243
3260
3270
3270
3273
3277
3285
3293
3310
3313
3314
3316
3317
3317
3317
3324
3333
3334
3337
3341
3364
3372
3374
3376
3377
3381
3394
3394
3395
3398
3417
3417
3417
3423
3425
3441
3443
3448
3451
3457
3460
3490
3490
3499
3509
3513
3516
3520
3520
3525
3532
3534
3545
3550
3556
3558
3561
3562
3572
3590
3601
3608
3610
3618
3630
3631
3641
3644
3648
3649
3649
3654
3654
3662
3670
3677
3679
3682
3682
3687
3700
3711
3719
3740
3746
3748
3748
3756
3763
3764
3765
3766
3796
3799
3803
3822
3823
3824
3828
3834
3838
3844
3860
3866
3866
3883
3894
3907
3908
3914
3915
3916
3919
3919
3925
3928
3931
3936
3954
3957
3961
3961
3965
3967
3971
3972
3979
3982
4010
4014
4016
4022
4024
4024
4027
4028
4029
4033
4036
4037
4057
4059
4062
4066
4074
4090
4098
4109
4115
4115
4125
4131
4132
4134
4143
4145
4150
4155
4157
4162
4162
4168
4174
4177
4180
4182
4187
4190
4196
4202
4207
4208
4218
4218
4219
4224
4233
4234
4241
4243
4245
4251
4283
4287
4292
4305
4306
4307
4309
4318
4319
4320
4338
4342
4348
4349
4350
4361
4369
4372
4376
4378
4386
4398
4402
4404
4404
4414
4414
4415
4429
4437
4441
4453
4454
4459
4463
4464
4464
4471
4472
4476
4484
4485
4487
4489
4495
4501
4501
4503
4504
4508
4509
4513
4514
4529
4531
4531
4543
4543
4544
4555
4557
4562
4564
4566
4568
4571
4580
4593
4598
4600
4618
4627
4636
4644
4651
4655
4658
4660
4665
4665
4670
4670
4680
4683
4710
4719
4726
4728
4739
4743
4755
4757
4765
4767
4768
4770
4788
4796
4796
4798
4800
4807
4813
4824
4829
4847
4848
4856
4861
4863
4875
4875
4880
4881
4887
4903
4906
4907
4911
4915
4916
4928
4948
4950
4953
4958
4961
4968
4976
4982
4985
4985
4986
4999
4999
