5
5
6
7
8
11
12
14
18
19
25
26
31
31
37
37
42
47
49
49
58
61
61
65
67
68
74
75
78
79
81
83
83
84
88
90
93
97
98
107
112
113
115
117
118
121
126
127
129
130
132
134
137
141
141
143
143
148
150
155
155
157
160
162
162
163
165
165
166
166
170
171
173
173
173
175
178
178
187
188
190
190
191
192
194
195
197
199
204
208
208
210
212
216
217
220
222
225
227
232
234
238
238
238
245
245
250
263
267
270
272
274
276
277
277
281
282
285
289
292
292
294
296
296
297
298
299
302
304
307
308
309
310
312
317
321
322
325
325
326
326
327
328
328
329
330
330
332
335
336
337
338
339
340
342
343
348
357
362
366
366
370
371
374
375
377
378
379
380
383
384
384
385
386
398
398
400
403
407
410
412
412
413
418
423
423
437
446
450
452
454
456
457
459
460
460
467
470
474
481
483
487
492
495
498
500
501
510
512
518
526
526
527
530
531
534
538
540
541
545
546
546
547
549
551
554
554
554
556
558
560
560
563
569
570
572
575
576
578
581
581
583
586
592
595
595
602
603
605
616
617
622
624
625
628
632
633
634
634
635
636
640
647
647
654
657
658
664
669
670
670
671
674
677
678
679
679
689
690
691
695
698
700
702
702
703
703
706
708
709
710
710
717
718
721
728
730
734
754
755
764
769
780
781
783
783
786
793
797
800
800
801
802
803
808
815
817
818
819
822
822
826
828
835
838
839
840
840
843
847
849
851
856
857
858
858
859
862
863
863
864
865
866
867
871
873
874
875
878
879
882
885
886
886
886
886
888
892
893
899
899
908
910
912
913
914
918
926
927
930
933
936
939
939
940
941
943
946
949
949
953
954
955
956
959
962
962
962
965
965
966
970
972
973
973
979
980
982
983
984
984
996
999
1011
1011
1013
1014
1022
1023
1026
1029
1029
1034
1038
1041
1046
1047
1048
1053
1059
1059
1061
1062
1069
1070
1070
1072
1074
1078
1089
1094
1094
1096
1097
1105
1106
1107
1110
1112
1113
1114
1117
1117
1123
1124
1125
1125
1127
1129
1130
1134
1135
1139
1140
1141
1144
1153
1153
1154
1157
1158
1161
1163
1168
1168
1172
1175
1176
1176
1182
1185
1185
1187
1190
1198
1201
1211
1213
1217
1218
1221
1226
1226
1226
1227
1234
1234
1234
1234
1239
1243
1243
1246
1249
1253
1255
1255
1259
1260
1260
1262
1267
1270
1275
1276
1281
1282
1286
1293
1293
1293
1298
1303
1305
1306
1310
1312
1314
1314
1316
1321
1321
1321
1322
1322
1326
1326
1328
1329
1330
1333
1336
1338
1340
1343
1344
1346
1347
1362
1367
1367
1368
1370
1372
1376
1376
1377
1379
1381
1382
1383
1384
1384
1385
1385
1387
1394
1396
1397
1401
1403
1407
1409
1412
1418
1418
1419
1420
1429
1431
1431
1431
1439
1443
1450
1459
1460
1462
1464
1465
1465
1467
1475
1478
1478
1479
1487
1488
1489
1489
1495
1495
1500
1501
1502
1515
1515
1516
1516
1516
1517
1520
1521
1521
1524
1525
1525
1526
1533
1539
1541
1541
1544
1547
1549
1554
1555
1564
1567
1570
1572
1573
1575
1577
1578
1583
1583
1588
1589
1590
1592
1594
1594
1599
1601
1602
1609
1610
1613
1614
1618
1618
1622
1623
1637
1637
1638
1639
1647
1647
1648
1650
1651
1657
1663
1665
1666
1668
1668
1672
1675
1677
1679
1680
1681
1682
1683
1683
1684
1685
1686
1687
1693
1698
1702
1706
1706
1707
1708
1710
1711
1713
1726
1726
1730
1736
1737
1751
1752
1753
1754
1756
1757
1760
1760
1761
1762
1763
1766
1766
1767
1768
1771
1777
1777
1778
1780
1780
1782
1782
1784
1788
1788
1788
1789
1790
1791
1791
1795
1797
1801
1804
1807
1808
1811
1812
1815
1815
1817
1819
1820
1822
1823
1824
1828
1829
1831
1838
1841
1842
1849
1850
1859
1861
1864
1868
1869
1870
1870
1874
1875
1876
1878
1882
1884
1884
1884
1888
1889
1892
1892
1896
1902
1906
1909
1909
1912
1915
1917
1920
1921
1923
1924
1926
1928
1929
1931
1936
1941
1941
1941
1944
1946
1947
1948
1949
1952
1953
1954
1954
1955
1957
1958
1960
1964
1967
1972
1973
1978
1980
1983
1983
1984
1988
1989
1989
1991
1991
1992
1993
2006
2006
2010
2010
2020
2021
2022
2024
2025
2025
2025
2026
2033
2033
2034
2039
2045
2046
2047
2054
2056
2056
2059
2059
2062
2066
2066
2067
2072
2076
2081
2084
2086
2094
2097
2097
2097
2099
2108
2110
2114
2119
2125
2126
2127
2132
2133
2133
2136
2144
2145
2146
2146
2150
2151
2153
2154
2155
2157
2158
2162
2163
2163
2168
2172
2173
2175
2183
2189
2191
2194
2194
2195
2196
2198
2203
2206
2211
2212
2213
2217
2219
2219
2227
2231
2232
2232
2234
2237
2240
2242
2246
2247
2247
2253
2260
2262
2264
2265
2266
2267
2271
2273
2276
2276
2278
2281
2284
2284
2284
2285
2289
2290
2293
2294
2298
2299
2302
2303
2306
2307
2307
2310
2310
2312
2316
2322
2323
2326
2327
2329
2330
2330
2330
2334
2337
2340
2342
2342
2343
2344
2349
2352
2353
2354
2359
2362
2364
2372
2372
2374
2375
2377
2379
2383
2385
2385
2388
2389
2389
2402
2404
2410
2410
2415
2417
2418
2419
2420
2422
2425
2429
2430
2431
2431
2436
2439
2442
2442
2444
2447
2447
2449
2451
2453
2455
2457
2462
2462
2464
2466
2466
2470
2474
2475
2476
2476
2479
2484
2485
2488
2493
2495
2496
2496
2499
2499
2501
2502
2505
2507
2516
2520
2522
2524
2525
2528
2530
2532
2533
2536
2540
2540
2541
2542
2543
2546
2546
2550
2550
2553
2563
2564
2564
2569
2570
2571
2572
2572
2573
2574
2574
2575
2578
2585
2587
2593
2593
2598
2601
2605
2611
2612
2613
2620
2626
2626
2627
2629
2630
2630
2632
2637
2642
2643
2645
2648
2648
2653
2653
2658
2659
2661
2663
2667
2668
2671
2677
2678
2678
2682
2683
2683
2684
2685
2685
2690
2693
2697
2703
2709
2710
2712
2713
2714
2717
2722
2723
2725
2727
2729
2729
2733
2735
2741
2759
2760
2761
2763
2764
2766
2778
2780
2781
2784
2787
2788
2796
2800
2806
2810
2811
2819
2819
2819
2826
2832
2833
2834
2835
2837
2841
2850
2851
2852
2855
2859
2860
2863
2864
2866
2866
2867
2868
2873
2875
2877
2877
2880
2882
2883
2883
2884
2887
2887
2888
2890
2893
2897
2899
2899
2900
2904
2906
2906
2908
2923
2927
2929
2936
2940
2940
2943
2946
2951
2953
2954
2955
2955
2959
2962
2963
2964
2965
2967
2972
2983
2988
2990
2995
2997
2997
3001
3003
3008
3011
3013
3013
3013
3015
3017
3021
3030
3036
3045
3046
3046
3046
3046
3047
3052
3057
3059
3064
3065
3067
3067
3070
3074
3075
3091
3092
3093
3100
3102
3106
3109
3110
3117
3122
3122
3122
3124
3124
3128
3131
3132
3132
3137
3142
3144
3145
3146
3149
3150
3151
3151
3162
3163
3163
3171
3171
3172
3177
3178
3181
3181
3184
3193
3193
3194
3194
3196
3203
3207
3210
3212
3214
3216
3218
3219
3221
3230
3231
3232
3233
3235
3236
3237
3237
3238
3240
3241
3242
3243
3244
3247
3254
3254
3260
3260
3266
3266
3268
3274
3275
3276
3277
3278
3279
3292
3297
3297
3300
3302
3304
3310
3313
3323
3328
3328
3333
3335
3337
3337
3338
3339
3339
3340
3340
3344
3344
3347
3348
3348
3354
3355
3355
3356
3357
3364
3366
3370
3371
3380
3380
3380
3383
3389
3390
3398
3399
3400
3401
3404
3410
3413
3417
3417
3421
3435
3441
3446
3447
3448
3448
3450
3453
3454
3455
3457
3462
3464
3471
3471
3471
3473
3474
3482
3482
3484
3487
3487
3489
3493
3494
3495
3495
3495
3499
3501
3513
3513
3517
3520
3520
3522
3524
3526
3527
3528
3528
3532
3539
3546
3548
3548
3551
3551
3552
3552
3554
3555
3558
3562
3563
3567
3572
3573
3575
3575
3576
3577
3578
3579
3582
3594
3596
3600
3600
3607
3609
3610
3615
3616
3621
3622
3623
3623
3624
3625
3630
3631
3637
3639
3640
3647
3654
3656
3657
3657
3658
3662
3662
3673
3676
3676
3677
3681
3681
3682
3684
3685
3686
3686
3687
3687
3689
3701
3703
3706
3710
3720
3721
3724
3726
3726
3726
3732
3736
3745
3745
3746
3746
3748
3749
3752
3752
3756
3756
3758
3759
3759
3761
3770
3770
3771
3772
3773
3776
3778
3780
3788
3790
3793
3793
3795
3797
3802
3804
3805
3807
3813
3814
3816
3816
3833
3834
3835
3835
3840
3840
3841
3841
3844
3860
3864
3864
3865
3866
3867
3870
3872
3872
3872
3872
3873
3873
3874
3875
3876
3879
3883
3883
3887
3887
3887
3888
3891
3892
3902
3909
3909
3909
3916
3921
3922
3923
3924
3927
3930
3931
3938
3939
3948
3948
3948
3950
3951
3951
3953
3956
3958
3960
3961
3961
3962
3964
3965
3969
3972
3972
3974
3974
3978
3981
3984
3985
3985
3989
4008
4008
4013
4018
4019
4020
4021
4021
4024
4028
4029
4032
4036
4036
4038
4038
4039
4043
4043
4046
4049
4054
4054
4055
4055
4056
4056
4057
4060
4066
4069
4072
4076
4076
4079
4080
4082
4084
4084
4086
4086
4089
4090
4095
4095
4096
4096
4096
4097
4103
4104
4107
4108
4109
4111
4112
4116
4122
4123
4126
4128
4129
4129
4131
4132
4138
4140
4141
4151
4155
4157
4158
4161
4161
4161
4161
4162
4170
4174
4177
4178
4182
4183
4187
4189
4196
4197
4198
4198
4203
4206
4209
4210
4210
4212
4218
4222
4229
4232
4234
4234
4234
4250
4252
4252
4252
4255
4255
4258
4259
4263
4266
4269
4269
4272
4274
4276
4279
4287
4290
4291
4292
4293
4298
4299
4301
4302
4312
4313
4314
4316
4316
4317
4321
4321
4322
4323
4324
4324
4325
4326
4331
4334
4338
4342
4342
4344
4345
4353
4353
4362
4364
4366
4370
4372
4376
4378
4383
4384
4388
4389
4390
4391
4392
4396
4397
4402
4405
4407
4407
4408
4410
4411
4417
4417
4421
4421
4421
4424
4425
4425
4426
4430
4431
4431
4431
4432
4432
4438
4441
4444
4445
4445
4452
4455
4455
4456
4459
4460
4462
4469
4474
4476
4476
4480
4481
4484
4486
4488
4489
4490
4494
4497
4498
4503
4506
4506
4508
4509
4513
4520
4523
4523
4525
4529
4533
4535
4540
4546
4559
4559
4562
4563
4564
4564
4566
4569
4571
4571
4572
4574
4576
4577
4580
4580
4581
4586
4591
4591
4592
4596
4597
4600
4602
4606
4607
4608
4611
4618
4620
4621
4621
4622
4626
4628
4631
4632
4633
4633
4637
4640
4644
4644
4649
4649
4652
4652
4656
4658
4658
4659
4660
4662
4666
4668
4675
4681
4689
4692
4692
4696
4698
4698
4701
4706
4709
4709
4714
4716
4718
4719
4721
4723
4735
4736
4736
4739
4739
4745
4747
4747
4750
4751
4752
4755
4759
4765
4767
4767
4768
4768
4771
4774
4774
4775
4776
4776
4777
4777
4779
4781
4783
4785
4787
4791
4794
4796
4805
4805
4806
4813
4819
4823
4824
4831
4833
4833
4835
4836
4848
4855
4856
4856
4856
4857
4857
4857
4857
4858
4867
4868
4868
4877
4880
4884
4884
4891
4891
4898
4900
4903
4904
4908
4909
4910
4910
4911
4914
4920
4924
4926
4927
4931
4932
4934
4937
4937
4942
4953
4955
4959
4960
4962
4963
4964
4969
4972
4975
4975
4978
4978
4980
4985
4987
4987
4988
4989
4989
4998
4999
