1
2
2
2
2
3
4
5
5
6
7
7
8
8
10
11
11
12
12
13
14
15
15
16
16
17
19
19
20
20
21
21
21
24
24
26
27
27
28
28
29
30
30
30
30
33
33
33
34
34
34
36
38
39
40
41
41
42
42
42
44
45
45
45
46
49
49
50
50
51
51
51
53
53
53
53
59
62
67
67
68
70
70
70
70
71
72
72
73
74
75
75
75
76
76
77
78
79
79
81
82
82
83
84
85
87
87
89
91
92
93
93
93
95
97
99
100
100
100
101
101
102
102
104
105
108
108
109
111
112
112
115
117
118
119
121
122
123
124
127
127
129
130
131
132
132
132
133
133
134
136
136
140
141
142
143
143
144
144
144
144
145
146
152
153
155
159
161
161
166
167
167
170
170
170
170
172
174
175
175
178
179
179
180
181
182
183
183
185
188
190
190
191
192
193
195
198
199
199
199
201
201
202
204
204
205
206
207
209
209
210
211
213
214
214
215
218
218
219
220
221
225
225
226
227
227
229
230
231
231
232
232
232
233
234
237
243
243
243
245
245
246
248
252
253
255
256
256
257
259
260
261
261
263
265
265
268
269
269
269
271
271
272
272
273
274
274
275
275
277
278
279
280
283
284
285
285
285
288
288
290
290
290
290
291
292
292
297
298
299
301
303
303
304
304
305
306
311
312
313
314
315
315
316
316
317
317
318
319
319
320
320
321
323
324
324
326
326
328
329
331
333
333
336
336
336
338
339
340
342
343
344
347
347
352
353
354
366
366
370
370
374
376
377
379
383
383
385
385
385
387
388
389
389
390
392
392
392
392
393
393
396
397
397
398
399
401
401
401
402
402
404
410
410
410
414
415
415
416
417
417
419
419
420
421
425
426
426
427
430
431
432
433
433
433
434
434
434
435
438
438
439
440
440
440
445
446
446
447
447
449
449
449
451
455
455
456
459
459
459
461
461
463
464
464
464
465
466
466
467
467
467
468
469
469
469
470
471
471
471
472
473
474
474
474
477
477
478
479
479
479
480
481
482
482
487
487
489
489
489
492
492
494
494
496
498
499
500
502
503
504
506
507
508
508
509
509
509
510
511
514
515
516
517
518
518
518
518
519
521
521
522
522
522
523
523
524
524
525
525
527
528
531
532
537
537
538
540
541
542
542
543
543
544
548
549
550
550
553
553
554
555
556
557
558
558
561
565
565
565
565
568
568
568
569
570
570
571
571
571
572
574
575
578
578
578
578
579
579
579
579
580
582
584
584
584
586
588
589
590
590
590
590
591
594
598
601
602
602
606
607
609
609
610
611
611
612
613
615
618
620
620
622
622
623
625
625
625
626
626
627
628
628
629
629
630
630
633
633
633
634
635
636
636
638
639
641
645
646
649
651
651
653
656
657
658
661
661
662
664
665
666
669
671
672
672
673
673
676
677
677
677
678
678
678
678
679
679
680
680
682
682
683
683
684
687
687
688
689
691
691
693
695
695
698
698
698
699
699
701
702
703
704
705
705
706
706
707
707
709
710
710
711
711
715
716
716
718
720
720
721
723
723
724
724
726
727
727
729
731
731
733
733
734
735
736
737
738
739
743
743
744
745
747
750
750
751
752
754
756
756
756
760
760
760
761
762
762
764
764
764
764
765
765
770
770
772
773
774
776
777
778
778
778
779
779
780
783
783
785
785
785
789
791
791
794
795
795
795
796
797
799
801
802
803
804
805
806
808
810
811
812
812
812
813
813
813
813
814
815
816
816
816
816
817
818
819
819
820
821
821
821
823
823
825
826
827
827
828
829
829
831
831
832
832
832
833
834
834
834
834
835
835
837
837
838
838
838
839
841
843
843
844
844
845
845
846
846
846
847
848
852
852
852
852
853
853
855
855
856
857
857
857
858
858
858
859
860
861
861
862
862
863
864
867
867
868
869
870
870
870
871
873
873
875
876
876
876
877
878
878
878
879
879
883
884
886
887
888
890
891
892
893
895
896
896
896
897
898
898
900
901
902
904
905
906
906
907
908
909
910
910
913
914
917
918
918
918
918
919
919
919
919
919
920
922
922
923
925
926
929
931
932
932
932
932
933
934
938
938
939
940
943
944
945
946
946
948
948
948
949
952
952
953
953
954
957
957
958
962
963
964
965
965
965
966
966
970
971
973
973
974
975
976
977
978
980
981
981
981
982
982
983
985
985
986
986
988
989
990
991
991
992
993
995
995
995
998
998
999
999
1000
1001
1001
1003
1004
1005
1005
1007
1007
1007
1010
1011
1011
1012
1013
1013
1014
1014
1015
1016
1018
1018
1019
1021
1021
1021
1022
1025
1026
1027
1027
1028
1030
1031
1031
1031
1032
1032
1032
1035
1037
1038
1038
1038
1039
1039
1040
1040
1041
1041
1041
1042
1042
1043
1044
1044
1045
1045
1045
1048
1049
1051
1051
1052
1053
1055
1056
1056
1059
1059
1062
1065
1065
1066
1067
1067
1069
1072
1073
1074
1075
1075
1075
1077
1079
1079
1079
1079
1079
1081
1082
1082
1089
1090
1090
1091
1092
1092
1094
1094
1096
1097
1098
1098
1098
1099
1099
1099
1099
1101
1101
1102
1104
1104
1104
1104
1105
1106
1108
1108
1109
1109
1109
1110
1112
1112
1115
1115
1115
1116
1120
1120
1120
1122
1123
1124
1124
1125
1128
1128
1128
1129
1132
1132
1133
1136
1137
1140
1141
1143
1145
1146
1146
1146
1147
1150
1150
1152
1154
1156
1158
1160
1160
1160
1161
1161
1162
1163
1163
1164
1164
1166
1167
1167
1167
1168
1169
1169
1170
1173
1175
1179
1181
1181
1181
1181
1181
1182
1183
1184
1184
1186
1186
1186
1188
1189
1191
1193
1194
1196
1196
1196
1197
1197
1198
1198
1198
1199
1200
1200
1200
1202
1203
1203
1204
1206
1206
1207
1209
1211
1211
1212
1212
1212
1214
1214
1214
1219
1219
1221
1221
1222
1223
1224
1225
1225
1226
1226
1228
1228
1228
1229
1229
1230
1231
1231
1231
1232
1235
1236
1236
1236
1237
1238
1240
1240
1240
1241
1242
1244
1246
1247
1247
1248
1249
1249
1250
1252
1252
1255
1255
1256
1257
1257
1258
1258
1258
1259
1259
1260
1260
1261
1262
1263
1263
1263
1264
1266
1267
1269
1271
1271
1273
1275
1276
1277
1279
1280
1280
1281
1281
1282
1282
1284
1286
1286
1286
1286
1287
1288
1290
1291
1291
1293
1294
1294
1295
1296
1298
1298
1301
1302
1302
1302
1304
1304
1306
1308
1308
1310
1311
1312
1312
1314
1315
1317
1319
1320
1321
1321
1321
1321
1322
1322
1322
1322
1325
1327
1327
1331
1331
1332
1332
1332
1332
1333
1336
1337
1338
1339
1342
1342
1344
1346
1347
1349
1350
1350
1351
1352
1354
1355
1355
1356
1358
1360
1362
1364
1367
1367
1371
1371
1371
1372
1373
1374
1374
1375
1376
1377
1378
1378
1378
1379
1379
1380
1380
1381
1381
1385
1386
1390
1391
1391
1392
1394
1394
1396
1396
1396
1397
1397
1398
1399
1400
1401
1403
1403
1404
1408
1409
1409
1409
1410
1411
1411
1411
1412
1413
1414
1414
1415
1416
1417
1418
1420
1420
1420
1422
1423
1426
1426
1426
1429
1429
1431
1431
1432
1434
1434
1435
1436
1436
1436
1437
1438
1440
1441
1443
1443
1446
1450
1451
1453
1453
1453
1454
1455
1457
1460
1461
1464
1465
1465
1468
1468
1470
1471
1471
1471
1471
1473
1475
1477
1479
1480
1480
1482
1482
1483
1484
1485
1485
1485
1486
1486
1488
1492
1492
1494
1498
1501
1501
1502
1503
1505
1506
1506
1506
1506
1506
1508
1509
1510
1511
1512
1512
1513
1514
1514
1514
1514
1515
1515
1516
1516
1517
1517
1518
1518
1519
1520
1520
1523
1524
1525
1525
1527
1528
1529
1531
1531
1531
1533
1534
1536
1537
1538
1539
1539
1541
1541
1541
1542
1543
1545
1545
1547
1547
1548
1550
1551
1553
1554
1554
1555
1556
1557
1557
1559
1561
1561
1562
1562
1563
1563
1564
1565
1565
1567
1567
1567
1569
1569
1569
1570
1570
1572
1575
1575
1576
1577
1580
1581
1581
1582
1582
1585
1585
1587
1588
1589
1589
1592
1592
1592
1593
1593
1593
1594
1594
1596
1600
1607
1608
1608
1610
1610
1612
1613
1614
1617
1619
1619
1623
1623
1625
1625
1628
1628
1629
1630
1632
1635
1636
1637
1638
1639
1640
1641
1643
1643
1643
1644
1647
1648
1649
1650
1651
1651
1652
1652
1653
1653
1653
1653
1653
1655
1656
1656
1658
1658
1661
1661
1662
1662
1664
1666
1666
1667
1668
1669
1669
1669
1670
1670
1671
1672
1674
1675
1675
1675
1675
1677
1677
1680
1681
1681
1681
1681
1683
1683
1684
1684
1684
1685
1687
1687
1688
1689
1690
1693
1693
1693
1694
1695
1698
1698
1699
1702
1703
1703
1703
1704
1705
1706
1706
1706
1707
1711
1711
1711
1713
1714
1714
1715
1717
1718
1718
1718
1718
1721
1722
1722
1725
1725
1725
1727
1733
1733
1733
1735
1735
1736
1738
1740
1741
1742
1742
1743
1743
1747
1748
1748
1749
1749
1749
1749
1751
1753
1753
1754
1754
1755
1755
1757
1757
1757
1758
1758
1759
1760
1761
1765
1767
1767
1769
1770
1771
1771
1774
1774
1775
1776
1777
1778
1781
1783
1783
1784
1786
1787
1787
1789
1789
1790
1790
1791
1791
1793
1793
1796
1796
1798
1801
1801
1802
1804
1805
1810
1810
1811
1811
1812
1813
1814
1814
1815
1815
1820
1821
1822
1822
1823
1823
1824
1824
1825
1825
1825
1826
1826
1827
1828
1832
1832
1832
1835
1835
1836
1840
1841
1841
1841
1845
1845
1846
1847
1847
1847
1848
1849
1849
1849
1850
1852
1852
1852
1853
1854
1854
1856
1856
1856
1857
1858
1859
1859
1860
1860
1861
1862
1863
1864
1868
1868
1869
1871
1873
1875
1877
1879
1880
1881
1884
1885
1886
1888
1889
1891
1891
1892
1893
1894
1894
1895
1895
1895
1899
1900
1902
1902
1902
1903
1903
1904
1904
1906
1906
1907
1907
1908
1908
1909
1909
1914
1915
1916
1916
1917
1917
1917
1918
1918
1918
1919
1919
1920
1920
1922
1923
1924
1925
1926
1926
1928
1929
1929
1930
1930
1931
1935
1935
1937
1938
1938
1938
1939
1939
1939
1939
1940
1943
1944
1946
1947
1948
1949
1952
1954
1955
1956
1959
1960
1960
1960
1960
1961
1961
1961
1961
1962
1963
1965
1967
1968
1969
1970
1970
1970
1971
1973
1973
1974
1975
1975
1976
1979
1979
1983
1986
1987
1988
1989
1990
1991
1995
1996
1999
1999
2004
2008
2010
2013
2014
2014
2016
2016
2017
2018
2018
2019
2019
2019
2021
2022
2022
2023
2024
2024
2024
2024
2025
2026
2026
2026
2026
2026
2029
2030
2031
2032
2033
2033
2033
2034
2035
2036
2038
2040
2040
2040
2043
2045
2045
2046
2049
2051
2051
2052
2055
2056
2056
2056
2057
2058
2058
2059
2059
2060
2062
2063
2065
2065
2065
2066
2068
2072
2074
2074
2076
2077
2077
2078
2080
2081
2083
2085
2086
2086
2086
2086
2087
2087
2087
2089
2089
2089
2090
2090
2091
2092
2093
2094
2095
2096
2097
2097
2100
2103
2104
2104
2105
2105
2107
2107
2107
2108
2108
2109
2109
2113
2113
2115
2115
2117
2117
2118
2120
2120
2122
2124
2125
2127
2128
2128
2128
2129
2129
2131
2131
2135
2135
2138
2138
2140
2140
2143
2144
2144
2144
2145
2145
2146
2149
2150
2151
2151
2152
2152
2153
2153
2157
2157
2158
2159
2159
2161
2162
2164
2165
2165
2166
2167
2168
2169
2170
2171
2171
2172
2172
2174
2175
2177
2181
2181
2182
2183
2184
2185
2186
2187
2187
2189
2189
2190
2192
2193
2194
2195
2195
2195
2196
2198
2200
2200
2200
2201
2203
2204
2205
2206
2206
2206
2207
2208
2208
2209
2210
2212
2212
2212
2215
2215
2216
2216
2217
2217
2218
2223
2225
2225
2225
2225
2226
2227
2228
2229
2229
2230
2230
2230
2232
2233
2236
2236
2237
2237
2238
2239
2240
2240
2241
2244
2244
2245
2246
2246
2246
2246
2248
2248
2250
2252
2253
2254
2256
2257
2257
2258
2258
2258
2259
2262
2262
2264
2266
2269
2270
2272
2272
2275
2276
2276
2277
2278
2283
2284
2285
2286
2286
2287
2287
2287
2288
2289
2290
2291
2291
2293
2293
2294
2298
2299
2299
2300
2300
2301
2301
2303
2303
2304
2305
2306
2306
2307
2307
2308
2308
2309
2309
2310
2311
2311
2312
2314
2314
2314
2315
2315
2315
2316
2316
2317
2317
2318
2320
2321
2323
2324
2326
2327
2329
2329
2330
2331
2331
2331
2332
2334
2337
2339
2339
2340
2340
2341
2342
2343
2343
2345
2348
2349
2349
2350
2350
2351
2352
2352
2354
2356
2357
2357
2358
2358
2359
2360
2360
2360
2363
2366
2366
2367
2368
2368
2369
2372
2372
2372
2373
2373
2374
2376
2376
2377
2378
2378
2378
2379
2381
2382
2383
2386
2387
2387
2388
2388
2389
2392
2392
2395
2396
2397
2397
2397
2398
2399
2399
2399
2403
2404
2407
2409
2409
2411
2412
2412
2412
2413
2415
2416
2416
2420
2421
2421
2421
2422
2423
2424
2424
2426
2430
2431
2433
2434
2436
2436
2437
2439
2439
2440
2440
2440
2441
2443
2443
2445
2446
2446
2448
2448
2450
2450
2451
2452
2452
2452
2453
2453
2455
2455
2457
2457
2459
2460
2461
2466
2468
2468
2470
2471
2472
2473
2474
2474
2476
2477
2478
2481
2484
2484
2486
2491
2491
2492
2493
2494
2494
2495
2497
2498
2499
2500
2500
2500
2501
2503
2503
2503
2504
2504
2505
2506
2507
2508
2509
2511
2512
2513
2513
2513
2516
2516
2517
2517
2520
2520
2521
2521
2522
2523
2523
2526
2526
2527
2528
2529
2529
2530
2534
2534
2537
2537
2538
2541
2544
2545
2545
2546
2547
2547
2547
2548
2548
2548
2549
2550
2550
2550
2550
2552
2553
2554
2556
2560
2560
2565
2565
2565
2567
2568
2569
2569
2569
2570
2570
2572
2574
2575
2575
2575
2576
2576
2577
2577
2580
2581
2583
2584
2584
2586
2586
2587
2587
2589
2591
2592
2593
2595
2596
2597
2598
2599
2599
2600
2600
2600
2600
2601
2602
2606
2608
2609
2609
2610
2616
2616
2618
2618
2619
2621
2622
2622
2622
2623
2624
2624
2625
2626
2626
2627
2628
2629
2630
2630
2631
2632
2633
2635
2636
2636
2640
2640
2641
2641
2641
2642
2642
2642
2642
2644
2644
2644
2646
2652
2652
2654
2654
2655
2658
2658
2660
2660
2661
2661
2661
2662
2664
2666
2666
2667
2668
2669
2670
2671
2675
2675
2676
2678
2678
2679
2679
2679
2681
2683
2683
2684
2684
2684
2685
2686
2687
2688
2688
2691
2693
2696
2698
2698
2698
2699
2700
2701
2701
2703
2703
2704
2704
2704
2704
2705
2706
2707
2707
2708
2708
2710
2711
2711
2711
2712
2716
2719
2719
2722
2722
2723
2725
2725
2726
2728
2729
2731
2731
2732
2733
2733
2735
2735
2735
2735
2735
2736
2736
2738
2741
2742
2742
2746
2746
2748
2750
2750
2751
2751
2753
2754
2754
2755
2756
2756
2760
2761
2761
2761
2764
2765
2765
2766
2766
2768
2769
2772
2772
2774
2774
2774
2776
2776
2776
2777
2778
2781
2781
2781
2782
2783
2783
2783
2785
2788
2788
2788
2788
2789
2790
2790
2791
2792
2792
2792
2794
2794
2797
2797
2799
2800
2800
2800
2802
2803
2805
2807
2808
2808
2808
2809
2810
2812
2812
2813
2815
2816
2817
2817
2819
2822
2822
2824
2826
2827
2827
2827
2828
2829
2829
2831
2831
2831
2833
2836
2838
2838
2841
2841
2841
2843
2843
2844
2845
2848
2848
2848
2849
2851
2851
2854
2855
2855
2857
2857
2858
2859
2859
2860
2861
2862
2863
2863
2864
2865
2867
2867
2868
2871
2872
2873
2873
2874
2874
2875
2875
2875
2876
2877
2877
2877
2878
2880
2881
2881
2882
2883
2883
2887
2888
2889
2889
2889
2889
2891
2893
2894
2895
2895
2895
2897
2897
2898
2904
2904
2904
2905
2906
2908
2908
2909
2911
2912
2913
2915
2916
2916
2916
2917
2917
2917
2918
2919
2919
2920
2924
2924
2926
2926
2927
2928
2929
2930
2931
2931
2932
2933
2934
2935
2936
2936
2939
2939
2940
2940
2944
2945
2946
2947
2949
2949
2950
2954
2955
2956
2956
2956
2957
2957
2957
2960
2960
2961
2961
2961
2963
2963
2963
2964
2964
2965
2966
2966
2967
2969
2969
2969
2969
2970
2971
2972
2972
2973
2974
2976
2976
2977
2977
2978
2978
2979
2980
2981
2983
2983
2983
2985
2986
2987
2988
2988
2989
2992
2992
2993
2993
2994
2994
2995
2995
2996
2998
2998
2999
2999
2999
3000
3001
3001
3004
3004
3005
3005
3006
3008
3010
3011
3011
3014
3015
3015
3016
3016
3017
3018
3018
3019
3019
3021
3022
3022
3023
3024
3025
3027
3029
3029
3030
3030
3031
3031
3032
3033
3034
3035
3036
3037
3038
3040
3042
3044
3044
3045
3046
3046
3046
3047
3048
3048
3049
3052
3054
3057
3057
3057
3059
3060
3061
3062
3062
3064
3065
3065
3065
3068
3071
3072
3073
3074
3075
3076
3076
3077
3077
3079
3080
3082
3082
3083
3085
3085
3086
3086
3087
3087
3087
3087
3088
3088
3089
3089
3092
3093
3094
3096
3097
3097
3098
3099
3100
3100
3101
3101
3105
3106
3106
3106
3106
3106
3106
3108
3109
3111
3112
3113
3113
3113
3114
3115
3117
3118
3121
3121
3122
3123
3125
3125
3125
3126
3127
3128
3129
3129
3129
3130
3131
3131
3132
3132
3132
3132
3133
3134
3134
3136
3136
3137
3138
3139
3142
3142
3144
3145
3145
3145
3145
3146
3146
3148
3150
3150
3151
3151
3151
3151
3153
3153
3155
3156
3158
3159
3164
3165
3166
3167
3168
3169
3169
3169
3173
3173
3173
3174
3176
3177
3180
3183
3184
3186
3187
3189
3190
3190
3191
3191
3191
3191
3192
3193
3193
3195
3196
3196
3197
3197
3198
3198
3199
3199
3199
3199
3201
3201
3205
3205
3205
3205
3209
3210
3210
3212
3213
3214
3214
3215
3216
3217
3218
3219
3221
3221
3222
3223
3224
3224
3225
3226
3228
3228
3229
3229
3230
3230
3232
3232
3233
3235
3235
3235
3236
3236
3237
3238
3238
3239
3240
3242
3242
3244
3245
3247
3248
3250
3250
3250
3250
3250
3251
3252
3253
3253
3254
3254
3256
3256
3256
3259
3260
3260
3260
3260
3261
3261
3262
3263
3264
3265
3266
3269
3270
3270
3271
3272
3273
3274
3275
3275
3275
3276
3276
3278
3278
3279
3280
3281
3282
3282
3284
3284
3284
3284
3284
3285
3287
3290
3290
3291
3293
3293
3294
3299
3299
3301
3301
3302
3302
3302
3304
3304
3305
3308
3310
3310
3310
3311
3312
3312
3313
3317
3317
3317
3317
3318
3318
3319
3320
3321
3322
3322
3322
3322
3323
3323
3323
3324
3325
3327
3329
3329
3330
3331
3333
3333
3334
3338
3338
3340
3340
3340
3340
3340
3340
3341
3342
3342
3345
3347
3348
3349
3349
3352
3352
3354
3354
3354
3358
3359
3359
3361
3363
3364
3364
3365
3367
3368
3369
3370
3371
3375
3375
3375
3376
3376
3380
3380
3381
3381
3382
3382
3384
3385
3385
3387
3387
3387
3389
3390
3391
3392
3392
3393
3394
3394
3397
3398
3404
3404
3404
3405
3405
3405
3405
3405
3407
3407
3408
3410
3410
3411
3413
3413
3414
3414
3416
3416
3417
3417
3419
3419
3420
3421
3421
3422
3422
3423
3423
3423
3424
3425
3425
3426
3427
3428
3431
3431
3432
3433
3433
3435
3439
3441
3441
3441
3442
3443
3444
3445
3445
3445
3446
3447
3447
3451
3452
3452
3454
3454
3457
3459
3459
3460
3461
3461
3467
3468
3469
3470
3470
3470
3470
3471
3471
3472
3472
3475
3478
3478
3479
3480
3481
3482
3482
3483
3483
3486
3487
3487
3487
3487
3489
3489
3490
3490
3490
3491
3492
3492
3492
3494
3494
3495
3496
3499
3501
3502
3502
3504
3505
3505
3506
3506
3507
3509
3510
3511
3511
3512
3514
3516
3516
3517
3518
3518
3519
3519
3520
3520
3520
3521
3521
3522
3522
3523
3523
3524
3525
3525
3525
3525
3525
3526
3528
3528
3528
3529
3530
3532
3532
3533
3533
3534
3535
3535
3539
3539
3539
3542
3542
3543
3544
3545
3546
3547
3548
3548
3548
3549
3550
3551
3551
3553
3553
3555
3555
3556
3559
3560
3561
3564
3565
3566
3566
3568
3571
3571
3573
3573
3573
3574
3574
3575
3575
3579
3580
3580
3580
3582
3582
3583
3584
3585
3586
3586
3587
3589
3589
3590
3590
3590
3590
3591
3593
3595
3596
3596
3596
3597
3598
3598
3598
3601
3602
3603
3605
3605
3606
3607
3607
3608
3610
3612
3613
3614
3616
3617
3618
3618
3619
3619
3619
3620
3620
3622
3622
3624
3624
3625
3625
3625
3626
3627
3628
3629
3629
3631
3632
3633
3634
3636
3636
3637
3639
3640
3642
3642
3643
3643
3643
3643
3644
3646
3646
3646
3646
3646
3647
3649
3650
3654
3655
3657
3659
3660
3660
3663
3663
3665
3665
3666
3666
3666
3667
3667
3668
3668
3668
3669
3669
3670
3671
3671
3671
3671
3672
3672
3673
3675
3678
3678
3679
3680
3680
3680
3682
3682
3684
3686
3687
3687
3687
3687
3688
3688
3689
3689
3692
3695
3699
3700
3701
3702
3706
3706
3707
3708
3714
3715
3715
3716
3718
3718
3719
3720
3722
3723
3723
3723
3724
3726
3728
3728
3732
3733
3734
3736
3736
3740
3740
3741
3742
3748
3749
3751
3753
3753
3759
3761
3764
3765
3765
3766
3766
3767
3768
3769
3769
3769
3770
3770
3771
3772
3773
3775
3776
3776
3778
3779
3779
3780
3781
3782
3783
3784
3785
3786
3788
3788
3790
3790
3791
3793
3795
3795
3797
3797
3798
3798
3798
3799
3800
3802
3802
3803
3803
3809
3809
3810
3811
3816
3816
3816
3817
3818
3818
3821
3822
3824
3824
3825
3827
3831
3831
3832
3833
3833
3834
3835
3835
3835
3836
3836
3842
3842
3843
3843
3845
3845
3846
3846
3847
3849
3849
3850
3850
3850
3851
3852
3853
3853
3853
3857
3858
3858
3860
3861
3861
3862
3867
3867
3868
3870
3870
3871
3872
3873
3874
3875
3875
3875
3875
3875
3875
3878
3879
3879
3879
3880
3882
3883
3883
3884
3884
3885
3886
3886
3889
3891
3891
3891
3894
3897
3898
3898
3898
3899
3900
3901
3901
3902
3903
3904
3906
3907
3907
3911
3912
3913
3913
3914
3915
3915
3917
3918
3918
3921
3921
3923
3924
3925
3928
3928
3930
3930
3931
3934
3934
3935
3935
3937
3939
3939
3939
3939
3945
3948
3949
3950
3951
3952
3955
3957
3958
3959
3959
3960
3961
3962
3963
3963
3965
3965
3966
3968
3969
3969
3970
3970
3971
3971
3972
3972
3973
3975
3975
3978
3978
3978
3978
3979
3979
3980
3980
3983
3985
3985
3986
3986
3987
3987
3987
3988
3988
3988
3988
3989
3989
3989
3990
3991
3991
3993
3996
3996
3997
3997
4001
4002
4005
4006
4006
4007
4009
4010
4015
4017
4021
4021
4021
4022
4023
4023
4024
4024
4024
4024
4025
4026
4027
4027
4027
4029
4030
4030
4032
4033
4034
4036
4037
4039
4039
4040
4040
4040
4040
4041
4044
4045
4045
4046
4049
4050
4050
4050
4050
4052
4053
4055
4059
4062
4065
4066
4067
4070
4073
4073
4073
4075
4076
4077
4079
4080
4083
4083
4084
4085
4085
4087
4087
4088
4088
4088
4089
4092
4094
4094
4096
4096
4097
4100
4100
4101
4103
4105
4105
4109
4109
4110
4111
4112
4113
4113
4114
4115
4115
4115
4115
4117
4118
4118
4119
4119
4119
4120
4120
4120
4121
4122
4122
4122
4124
4125
4128
4129
4129
4130
4130
4131
4132
4134
4134
4140
4141
4143
4143
4143
4144
4145
4146
4148
4148
4149
4150
4150
4150
4152
4152
4154
4154
4154
4158
4158
4160
4160
4160
4162
4163
4166
4167
4169
4170
4171
4171
4173
4173
4174
4174
4175
4175
4176
4178
4180
4180
4180
4183
4184
4184
4186
4186
4186
4189
4190
4190
4190
4190
4190
4191
4191
4192
4192
4192
4192
4193
4194
4196
4196
4198
4199
4202
4202
4205
4205
4206
4208
4211
4212
4213
4214
4215
4217
4218
4219
4221
4221
4226
4227
4230
4230
4230
4231
4232
4234
4237
4238
4240
4240
4242
4242
4242
4243
4244
4246
4247
4247
4248
4250
4251
4252
4252
4252
4253
4253
4253
4254
4254
4257
4257
4258
4258
4259
4259
4259
4260
4260
4260
4261
4263
4264
4264
4267
4269
4270
4270
4271
4272
4274
4275
4276
4276
4276
4277
4277
4278
4279
4279
4288
4293
4293
4293
4293
4296
4297
4297
4297
4298
4299
4300
4301
4302
4304
4305
4306
4306
4307
4307
4308
4309
4309
4311
4314
4314
4315
4317
4318
4320
4320
4322
4323
4323
4323
4323
4324
4324
4325
4325
4326
4327
4327
4329
4329
4332
4332
4332
4334
4335
4337
4337
4337
4338
4339
4340
4341
4343
4343
4344
4344
4345
4346
4347
4349
4350
4351
4351
4352
4353
4353
4354
4354
4359
4362
4364
4367
4367
4367
4372
4373
4374
4377
4378
4378
4378
4378
4383
4383
4383
4387
4388
4391
4391
4391
4392
4392
4393
4397
4398
4399
4401
4402
4404
4405
4405
4406
4409
4409
4409
4412
4414
4418
4425
4425
4426
4426
4427
4427
4428
4429
4430
4431
4431
4432
4433
4434
4434
4435
4436
4441
4441
4441
4442
4443
4443
4443
4443
4444
4447
4448
4449
4450
4452
4453
4453
4456
4456
4458
4460
4460
4461
4462
4463
4464
4466
4466
4466
4467
4467
4469
4470
4470
4470
4471
4471
4471
4472
4472
4473
4475
4476
4479
4480
4481
4481
4482
4483
4483
4483
4483
4484
4485
4488
4489
4490
4491
4495
4497
4497
4498
4499
4499
4499
4500
4506
4506
4506
4507
4507
4507
4507
4508
4512
4513
4515
4516
4516
4517
4517
4517
4518
4518
4521
4521
4521
4522
4523
4524
4524
4525
4525
4526
4526
4529
4529
4534
4536
4537
4537
4539
4540
4540
4541
4543
4543
4544
4544
4545
4545
4545
4546
4546
4547
4547
4547
4548
4549
4553
4556
4556
4557
4557
4558
4558
4561
4561
4562
4562
4563
4566
4567
4568
4568
4571
4571
4572
4572
4573
4575
4575
4575
4576
4576
4577
4577
4578
4578
4579
4579
4581
4582
4582
4582
4583
4584
4585
4586
4586
4587
4587
4589
4590
4591
4592
4596
4596
4597
4603
4605
4606
4610
4610
4610
4611
4611
4613
4616
4617
4618
4618
4621
4622
4623
4623
4624
4625
4626
4626
4628
4629
4631
4633
4634
4635
4635
4637
4637
4637
4638
4639
4640
4640
4640
4641
4641
4642
4642
4644
4644
4645
4646
4649
4649
4651
4653
4654
4657
4657
4658
4660
4660
4660
4661
4661
4661
4662
4664
4667
4668
4670
4671
4673
4676
4676
4677
4681
4683
4683
4684
4684
4686
4686
4692
4694
4695
4696
4697
4697
4697
4697
4699
4700
4701
4701
4701
4702
4704
4705
4705
4705
4705
4708
4710
4710
4711
4712
4714
4714
4715
4715
4717
4719
4719
4722
4725
4725
4726
4727
4727
4729
4730
4732
4733
4733
4734
4736
4737
4737
4738
4738
4739
4739
4741
4742
4743
4745
4746
4746
4747
4749
4751
4751
4752
4752
4753
4753
4753
4754
4754
4754
4754
4755
4759
4759
4761
4762
4762
4763
4764
4765
4765
4766
4768
4769
4770
4771
4772
4772
4773
4774
4775
4776
4776
4777
4777
4779
4779
4780
4781
4782
4782
4783
4783
4783
4784
4785
4786
4786
4790
4790
4792
4794
4795
4795
4798
4799
4799
4801
4801
4802
4804
4804
4804
4807
4807
4808
4808
4809
4809
4810
4810
4811
4811
4814
4815
4816
4817
4818
4818
4819
4819
4819
4820
4821
4823
4823
4824
4825
4826
4827
4827
4827
4828
4828
4829
4831
4831
4832
4833
4836
4837
4839
4840
4841
4841
4842
4842
4842
4843
4843
4843
4844
4845
4846
4846
4847
4849
4849
4849
4849
4851
4851
4852
4852
4853
4857
4858
4859
4860
4860
4860
4861
4862
4863
4863
4865
4866
4866
4868
4871
4873
4874
4874
4877
4879
4881
4881
4882
4882
4884
4885
4885
4886
4887
4888
4889
4889
4889
4890
4890
4890
4894
4898
4898
4899
4900
4900
4902
4903
4903
4904
4904
4904
4905
4906
4910
4914
4915
4916
4917
4917
4917
4917
4917
4918
4918
4918
4919
4920
4921
4922
4924
4924
4925
4926
4928
4928
4928
4928
4929
4930
4931
4932
4932
4933
4936
4937
4938
4939
4942
4943
4943
4944
4951
4951
4951
4952
4953
4953
4953
4954
4957
4957
4958
4960
4960
4960
4961
4961
4962
4962
4964
4965
4965
4966
4966
4968
4969
4969
4969
4972
4972
4973
4974
4974
4975
4976
4976
4976
4977
4977
4978
4978
4979
4983
4983
4987
4987
4988
4988
4988
4990
4990
4990
4991
4991
4992
4996
4999
