10
10
41
51
79
109
119
125
134
138
139
157
158
160
160
189
199
205
206
228
232
241
243
251
275
277
298
302
305
311
332
367
375
377
391
396
407
417
430
452
459
459
461
467
495
500
503
504
521
535
546
563
564
564
567
599
616
628
636
648
661
666
695
705
711
735
738
782
783
815
843
892
919
922
944
950
970
979
990
994
997
1005
1008
1011
1018
1018
1022
1047
1049
1069
1070
1079
1087
1102
1114
1128
1141
1158
1159
1162
1162
1182
1185
1185
1186
1194
1196
1213
1222
1224
1232
1241
1250
1256
1303
1318
1335
1365
1381
1397
1405
1440
1445
1468
1468
1480
1495
1506
1519
1520
1528
1537
1553
1556
1563
1564
1576
1578
1608
1622
1631
1635
1656
1669
1673
1678
1682
1684
1714
1719
1723
1726
1731
1737
1754
1757
1771
1778
1792
1796
1807
1810
1820
1848
1851
1855
1865
1868
1870
1890
1896
1908
1925
1935
1940
1955
1959
1962
1963
1977
1979
1987
1995
1999
2025
2032
2058
2059
2074
2091
2096
2111
2123
2123
2127
2142
2156
2171
2173
2187
2189
2201
2204
2213
2213
2219
2226
2236
2237
2240
2255
2257
2259
2262
2271
2273
2294
2296
2301
2304
2315
2331
2335
2343
2346
2392
2402
2421
2439
2440
2443
2455
2456
2461
2463
2465
2477
2519
2521
2529
2529
2534
2550
2556
2565
2566
2578
2579
2580
2598
2620
2631
2646
2684
2693
2695
2699
2716
2723
2747
2748
2755
2785
2793
2803
2806
2808
2824
2826
2837
2844
2897
2901
2906
2915
2932
2943
2947
2953
2982
2985
2990
2992
2998
3012
3015
3039
3043
3088
3103
3107
3114
3114
3133
3141
3154
3159
3161
3163
3176
3176
3182
3192
3197
3199
3211
3213
3214
3221
3222
3246
3259
3287
3309
3314
3323
3329
3347
3350
3383
3384
3414
3416
3433
3433
3446
3448
3463
3465
3465
3467
3496
3507
3513
3515
3530
3547
3561
3564
3585
3601
3618
3625
3626
3640
3642
3654
3664
3674
3678
3699
3713
3714
3719
3730
3736
3754
3759
3767
3786
3813
3819
3819
3822
3830
3835
3839
3844
3845
3856
3871
3883
3895
3896
3912
3917
3921
3934
3937
3940
3953
3969
3986
3991
4009
4011
4014
4021
4026
4059
4060
4067
4068
4085
4090
4097
4111
4114
4115
4119
4128
4134
4147
4149
4165
4165
4171
4187
4207
4227
4230
4264
4272
4282
4284
4295
4309
4311
4323
4324
4326
4337
4340
4348
4366
4375
4376
4391
4391
4399
4405
4407
4416
4426
4446
4486
4494
4496
4497
4505
4528
4533
4538
4539
4541
4563
4569
4572
4576
4576
4580
4582
4599
4611
4613
4634
4659
4659
4688
4697
4699
4703
4713
4715
4717
4727
4727
4734
4739
4765
4769
4777
4789
4792
4807
4811
4813
4813
4822
4839
4861
4866
4874
4884
4885
4888
4905
4912
4915
4919
4926
4927
4929
4929
4938
4944
4953
4958
4983
4995
