
When sorting ran50.dat Using Quick Sort with stopping case 50: 
[43, 54, 170, 200, 241, 579, 590, 605, 874, 959, 1068, 1140, 1464, 1558, 1621, 1632, 1722, 1770, 1934, 1981, 2004, 2012, 2162, 2246, 2469, 2517, 2597, 2693, 2917, 3091, 3169, 3305, 3308, 3485, 3549, 3608, 3713, 3812, 3857, 4000, 4044, 4178, 4193, 4254, 4340, 4547, 4565, 4619, 4750, 4920]
The time taken to sort 50 inputs is: 57300.0nano seconds

When sorting asc50.dat Using Quick Sort with stopping case 50: 
[43, 54, 170, 200, 241, 579, 590, 605, 874, 959, 1068, 1140, 1464, 1558, 1621, 1632, 1722, 1770, 1934, 1981, 2004, 2012, 2162, 2246, 2469, 2517, 2597, 2693, 2917, 3091, 3169, 3305, 3308, 3485, 3549, 3608, 3713, 3812, 3857, 4000, 4044, 4178, 4193, 4254, 4340, 4547, 4565, 4619, 4750, 4920]
The time taken to sort 50 inputs is: 8800.0nano seconds

When sorting rev50.dat Using Quick Sort with stopping case 50: 
[43, 54, 170, 200, 241, 579, 590, 605, 874, 959, 1068, 1140, 1464, 1558, 1621, 1632, 1722, 1770, 1934, 1981, 2004, 2012, 2162, 2246, 2469, 2517, 2597, 2693, 2917, 3091, 3169, 3305, 3308, 3485, 3549, 3608, 3713, 3812, 3857, 4000, 4044, 4178, 4193, 4254, 4340, 4547, 4565, 4619, 4750, 4920]
The time taken to sort 50 inputs is: 8900.0nano seconds
