4665
3460
3227
2266
2199
2380
3398
3954
408
4767
647
1073
1835
1528
82
1991
1749
1477
4224
341
69
186
2007
1631
251
220
2395
910
722
2005
2526
1320
893
186
2972
3525
4074
1211
1909
3748
3834
3838
493
3618
3513
386
3740
3080
582
2875
4529
3417
3534
4618
3154
779
3799
4464
1011
1725
3967
2635
4580
972
1231
4014
4880
2922
1550
1847
2930
2566
507
2010
3601
3057
1196
418
3394
1571
2787
3677
2351
2085
582
775
1279
3341
4501
1494
2926
2594
2914
193
4562
683
2670
1828
4670
1604
3982
358
3084
46
542
3204
1977
3260
881
4037
4557
4251
1536
4982
4168
1516
986
3270
3822
1454
729
1469
4788
3131
1069
4710
3018
1319
4378
2715
3631
2560
2662
4022
1596
591
4208
4543
1042
1579
1020
2465
1354
1537
4463
1546
290
2715
1317
76
2921
2958
953
3106
77
1828
1919
1083
1356
4726
2587
3679
462
1411
859
3443
4796
3058
2133
4875
1780
2450
2876
661
1334
4985
4180
3109
2327
3925
619
270
534
1716
4566
2828
1882
278
4907
4627
2279
1858
1728
1594
4361
3441
122
916
1866
1706
1746
4544
4145
2243
2131
3499
1529
1043
37
1984
1902
3293
2327
3017
4813
4177
3961
154
1936
3649
2668
2879
1473
2157
1821
1418
4369
1885
2815
38
1832
3381
4985
1407
1713
358
1744
3191
761
1053
1132
1885
621
2779
2435
2813
2723
2197
2857
4349
885
2410
4508
3649
539
4182
2112
645
4961
2468
914
1576
1815
964
2241
3111
2585
1572
1051
2969
3203
2511
581
3015
1286
3317
3914
974
3915
2106
870
2317
4824
301
1136
4320
1175
2490
960
17
2882
4187
1053
578
1529
3062
2564
604
1543
4644
1130
2007
3191
1570
1023
3394
360
1228
2382
3372
851
22
4342
2749
3069
3558
647
2400
617
768
1978
480
243
1351
816
4739
4024
4950
108
2917
3448
2157
1399
1598
1279
1791
1387
1445
1687
877
3025
4429
170
3423
3417
1516
2191
1387
751
2327
3317
1206
1415
1393
3860
1861
1282
4016
2687
761
1834
3173
2899
1621
2481
2584
1553
4155
4906
4829
1453
3590
3763
2351
317
3961
361
3314
1292
2688
2255
3516
3883
135
1800
4986
844
1756
816
1489
4487
1933
1460
866
131
2820
301
4033
187
3313
3374
521
4404
2810
4670
622
411
1533
4143
4564
3532
4029
3796
4665
1258
4903
1823
2066
444
987
117
480
4472
1899
4660
378
3174
1409
1453
3159
254
90
2664
1150
1313
510
3641
741
365
4593
1256
2552
3908
3866
2822
4305
4162
2004
2480
3979
2134
465
3509
2912
1517
2030
516
751
1252
3766
4796
1509
2789
245
4489
2580
2692
4856
3316
1211
2266
1724
2794
828
3285
3022
2822
2600
2768
1460
4454
813
4958
337
1489
3928
322
3823
4218
1703
4437
3089
4319
2380
4090
4471
4414
2741
3764
4115
4245
2780
2987
4453
2779
850
3670
1406
1807
4402
1644
2450
1757
862
3119
4531
4513
2753
4655
2353
1010
905
4555
1743
3241
4501
4287
4651
1119
1714
672
1818
4306
4928
3068
1321
2732
4881
4743
990
2046
3550
3931
188
1617
1328
2818
1535
3049
4807
1854
955
1396
2499
2334
4861
4372
1962
2146
1365
1913
3062
2949
3171
4376
3608
1830
3197
2500
133
1635
31
1042
3425
1785
4057
614
283
349
1436
3866
72
3572
2174
2589
1866
816
193
1717
382
1129
2643
4495
1418
2234
2715
252
234
3756
4847
2335
4162
3957
3545
3765
3746
3054
1987
2068
4875
1437
4207
2578
2704
2772
4953
1207
1649
4999
4202
3334
4348
1707
3971
4968
1312
2235
3238
815
1921
1104
2752
1213
1516
1075
30
1137
3630
4218
1082
4680
786
1828
4243
2438
1901
1978
3076
2229
4024
2750
4414
439
1078
4915
4543
2099
2255
4948
937
2453
2974
2786
4174
1412
1629
3644
4441
4757
886
4571
4503
2414
2944
4131
1145
4386
4010
2770
4863
4190
4219
1955
3018
2762
362
2164
4770
2835
77
3119
1827
4728
2628
4485
2475
4338
2965
1379
2411
2888
2572
1657
4600
641
2474
912
1758
3337
899
1529
4109
634
284
3919
1712
156
725
1300
33
4066
4504
3965
4404
2295
4036
34
3682
2600
3417
2092
729
2688
1792
2952
2286
3520
4911
4028
3457
727
4568
1439
2280
2816
4115
3026
2805
451
1865
3916
687
634
2995
4134
3556
3071
4509
4027
4309
3333
1948
1961
4059
3687
755
3803
2671
2642
4658
224
3682
3310
3011
730
1951
3648
3719
2635
1560
3562
3324
3907
3317
4598
821
926
723
2656
2006
704
417
2776
1493
2067
2917
2522
67
1607
1942
1915
691
2970
725
3198
2335
2176
1501
2900
1741
2238
4800
1846
4415
2283
3243
748
2404
4755
308
4999
2871
4062
2938
2097
3097
1165
2892
3919
4292
1251
490
3700
3520
554
767
4157
121
3844
1057
3654
227
865
752
1703
400
3226
3273
3364
3894
2868
2340
4318
824
4233
4241
4464
1315
4719
122
2922
3748
1793
2293
1200
3395
422
1162
4150
37
1088
4683
1
1653
1731
145
1442
4916
1405
3711
4234
2005
4307
1384
3270
2201
107
947
3377
857
175
3017
3376
2561
4398
544
2100
4765
4768
4976
4132
2707
4798
3824
989
1187
3144
3561
379
3654
527
3610
1910
4098
1130
1701
2368
2442
3200
2997
2237
4484
3490
231
2659
2967
1521
4531
3451
1986
2378
1769
3092
2823
896
1998
830
217
657
33
4196
4283
3154
3277
2226
4514
871
3662
652
3828
2778
3972
175
2151
1914
4887
2662
861
2344
2769
2811
1279
1715
4636
4350
2505
1087
739
343
1116
474
1894
1551
2626
1760
3028
60
2156
260
1405
2607
4476
2228
2658
4125
1405
3015
51
2020
2603
4459
2377
629
3936
266
3490
3097
923
4848
1789
