4659
3266
4096
874
1929
90
1038
3193
2344
4321
188
1751
1330
3572
1683
862
2151
4028
4959
457
4596
3067
1804
4709
3887
783
129
4597
194
155
2683
540
2168
325
4234
450
4752
2342
1465
370
2329
1788
1920
4362
2954
2867
1892
2485
3021
3938
3036
474
4210
4942
3844
2234
984
2882
4856
1367
2211
2306
616
728
4723
3752
1955
4445
4735
4234
4107
4931
98
143
4566
3151
2312
4408
4342
3833
2034
1326
2442
3339
622
4287
1011
1666
2875
3493
2541
1384
2723
2866
940
371
4086
2574
88
1874
3489
979
1679
4777
4326
2372
3793
3948
4857
4535
2629
187
3092
3059
2302
1623
1762
2330
1384
3344
459
1281
165
4698
4855
332
4212
3969
4631
4407
2877
3047
2383
583
858
343
296
2684
1790
3404
4833
4116
83
3622
2026
4323
954
3960
2213
3520
3624
1861
3219
4774
4182
3357
74
2066
2501
939
2293
2729
1884
1915
1647
2516
839
851
4158
1602
3487
4161
4692
37
3637
2072
1176
1515
2476
3017
2940
4831
1163
2946
4103
3070
2364
2195
3235
1412
3887
310
4767
398
3145
4666
730
2642
3146
1817
3448
2289
4021
1255
764
2940
3953
4649
208
1396
4460
4718
2276
1310
2632
1590
670
2796
1889
867
3872
1061
3203
1668
2964
4421
570
4580
4903
4392
2690
3805
3841
3137
2447
4781
175
1218
1788
3207
3196
1478
2045
3721
3149
2883
3552
1431
2470
1316
3684
2136
3746
2663
4039
2343
3701
1980
595
3122
3122
1198
83
2431
2175
1599
1710
3804
4018
1246
624
166
1944
1677
3194
137
1564
2402
4263
379
4689
1190
3013
1409
635
2693
1983
858
3662
2697
3091
2294
2126
163
192
4621
703
4266
4856
1521
1768
3875
531
2572
563
2203
222
2507
1338
4953
4112
2499
3030
878
1321
2524
3380
4563
4122
1614
4591
2158
3513
3231
1801
1988
1952
1112
2613
3210
2499
1668
1954
2172
3297
2420
1293
2709
2575
2025
75
3400
1888
1139
4856
1706
4322
4783
3178
1991
4787
840
4745
1681
1303
1053
1782
2154
4425
208
3790
3558
1541
1185
4080
407
3797
3218
1583
2685
856
3008
1407
195
2502
3313
1573
1062
1344
1243
1129
3610
2550
3778
1594
4338
4546
959
4313
3344
4108
2787
822
2330
130
4129
1788
4293
2612
2806
2410
3102
2108
4626
3464
423
4927
326
2273
1868
913
3247
2024
3834
3473
3132
769
2227
873
581
3348
4123
3495
3555
274
3520
3883
1828
2281
2474
4908
2422
2863
4312
1336
3872
3615
1107
1381
4658
3616
3275
2601
1213
4396
4975
603
3756
1267
4987
4611
3578
4914
3860
886
3548
4189
4431
3348
4299
1991
4269
551
2021
956
190
4291
4785
4444
1760
2760
3093
972
2630
112
1672
1807
602
4719
3596
1896
4576
190
4488
3710
3909
1443
3891
1859
3254
2722
2906
3501
3654
483
1842
717
3528
1495
3924
984
1185
322
1097
808
3681
625
549
398
160
1333
888
3978
1286
1795
4824
973
37
4506
800
2835
2908
4813
4272
3706
4508
4345
225
501
2685
3522
2094
4198
527
3625
3450
4324
1034
384
2703
2678
4833
3930
2593
298
1014
4269
423
3575
1096
2146
1838
1187
1114
2260
437
3241
2097
4344
2677
2573
4480
2522
2316
708
2578
4709
1125
2340
863
1539
2713
2572
4656
3471
4096
308
3788
267
49
4384
3951
3981
3421
1022
1736
4998
277
2144
817
380
2194
3931
3337
5
4055
3780
2323
3532
4417
1439
2864
238
1912
1713
1882
4140
141
1570
3528
3657
234
3872
4660
3230
4569
3243
2359
3972
2155
1777
3181
1418
822
3380
1682
863
3689
554
3748
4652
2326
1347
3471
965
1675
1984
595
336
2033
2462
4076
4178
1383
2967
899
4024
1917
3562
3124
1105
2841
2997
61
3106
2479
4857
1588
3656
1234
526
2888
166
3184
3577
304
2133
2955
4317
2574
4926
1070
1127
1459
3339
121
2163
636
4969
965
1763
1812
510
2667
569
2173
1651
2020
2010
2668
2132
3323
276
2127
3888
1533
1314
2884
2927
2066
3732
4410
3736
3244
671
2415
1575
2887
1876
2062
3951
3582
2217
173
962
1941
3841
2819
3939
558
4019
1226
3011
2419
4455
755
1791
1262
554
4591
1387
2725
634
864
1305
178
617
4161
1647
793
4049
4765
4198
1767
640
1516
4608
3609
3662
1878
3909
2025
2671
647
11
2299
3013
1766
3687
4978
2488
866
3759
4334
3355
4490
2877
1321
4600
413
3300
709
8
2157
1589
2648
2110
4533
1936
2162
546
1041
171
996
689
3046
4128
4771
4681
4911
1161
4644
2146
3677
78
1516
1949
1489
2648
2389
4324
3658
4162
2626
4571
155
3214
4739
328
3390
2990
3802
4097
302
4884
1752
1306
2163
162
2653
1702
999
1760
3453
3278
2219
1013
4904
3236
3835
3268
58
4755
3673
1902
3242
1403
2099
2183
446
3131
4055
4836
2851
3676
700
3873
3600
4086
2505
4498
3989
815
2451
4424
3961
4497
4880
955
3172
2097
2627
1583
2906
576
2298
2626
818
4622
4937
3686
4819
4252
1884
277
4411
317
3304
3003
2439
2006
4747
4131
2530
481
97
1168
2464
1663
2442
2362
1328
4013
2714
632
3607
3887
4452
538
1276
1657
1648
2303
560
1340
452
2819
3276
4900
4455
803
3576
4774
2374
1948
4456
4372
1234
25
4633
1524
2543
1343
245
3867
3552
2899
2372
3151
410
3840
546
2352
4920
560
4276
212
1638
2890
4095
2569
2253
2334
797
3410
4577
3254
1346
1094
3922
4222
2389
1601
385
4506
2449
980
1321
4805
1639
3401
4316
1884
3163
4325
2076
3745
3984
377
1954
299
2780
3399
4301
4314
1683
1070
400
3551
4405
178
2540
2620
2033
1326
690
2046
4155
412
2290
2457
2022
2682
3961
3579
2119
4572
1249
962
2868
1789
134
2959
4170
4316
1687
1489
4174
118
4132
2564
4937
4302
4586
1394
3631
4432
908
2084
3551
498
2430
3647
4494
4759
1797
2039
4962
2327
3813
2444
4279
2866
962
1850
939
2267
4229
4255
4391
454
1958
4525
1069
2778
3726
1973
1637
2587
679
1260
339
1650
3279
1094
3840
3064
2212
492
1140
3163
3057
3110
2997
4751
357
2231
3761
3639
1964
2533
702
4090
4848
4696
721
1282
4104
220
1778
285
2536
1572
1517
1397
4054
1946
3340
892
49
4430
605
4353
4111
2377
2729
1823
1706
1113
2717
4924
2883
885
4038
973
2710
2150
838
2837
882
1870
4183
982
3866
3471
3417
677
19
3526
718
2859
374
12
3657
1478
127
217
4867
3462
3448
970
4960
4644
1924
4891
4462
1059
4777
3795
2852
42
2054
4210
2759
4484
115
197
4987
1385
2097
328
330
2598
4503
3720
2047
1275
4698
4469
3494
2059
2904
4706
3623
1516
1211
3770
3985
2643
1260
4662
4417
3554
1488
4021
826
586
4250
3370
2337
165
2733
2262
1610
1707
2264
3260
1322
754
545
4397
1637
2284
1362
1870
2983
3872
1541
4252
634
1931
1239
4421
2375
1820
3232
1753
2995
3958
2466
4835
4513
3454
3013
4157
3758
4955
526
4716
4426
2546
4432
500
3772
1592
412
1124
4868
326
126
698
3771
3864
1811
170
1983
2059
2067
1967
3297
281
1141
4750
541
3776
1023
1502
1686
1726
2962
953
1547
1515
3355
572
4580
1989
4523
3956
1322
1698
4581
1475
658
4197
3482
456
2385
2493
307
18
4564
3640
47
927
2712
2285
1464
2447
3212
3724
1074
1270
1217
2611
1960
2010
3950
3045
4884
4649
3517
4177
3162
1578
4274
2819
1819
556
3337
828
849
4988
4056
157
1808
4421
1117
2563
1521
1048
2495
3921
1465
2307
2659
4978
1221
378
3237
1158
4481
1495
1909
3745
1259
1500
2385
3335
337
4008
3181
3985
1479
3870
348
2880
2605
1376
4431
657
2972
1766
4736
1757
4353
191
4388
2310
3371
4209
2764
61
4431
4258
2653
1841
4129
2354
2860
3883
4652
384
3067
4084
418
2006
1450
2923
4138
1110
1953
1379
554
210
2114
4592
3347
3948
4057
4459
3075
1072
578
2593
1567
2897
263
2284
893
2247
238
4218
2873
4321
2425
670
3132
4768
4196
1849
1831
460
1892
847
1577
141
983
403
1467
148
4559
289
4857
4877
2453
3703
2271
2525
1525
4441
4768
3902
3546
4029
2247
802
695
4203
375
495
4868
312
4292
4370
899
282
1791
1711
309
1737
3413
3814
1370
1784
1780
4438
3150
4721
2553
4628
654
2645
4562
3527
366
2520
2056
1680
294
780
2496
4675
1078
2943
4020
2735
4858
1046
2496
966
1368
910
4084
575
1154
4402
366
3277
3916
3864
4389
4529
710
1864
2410
943
2153
4234
2761
3457
843
3124
4989
383
4898
4486
4364
3487
918
941
3909
592
3687
1460
3354
65
1609
3686
1782
691
1243
3001
3302
107
1255
4621
2763
949
801
1125
1401
1314
4640
2810
296
4963
2240
2191
2727
1941
783
1754
4776
1909
2232
840
2086
581
2564
3117
4259
4056
1869
669
2194
1761
2266
4161
2630
949
1462
886
3233
4390
3383
3752
859
2963
3484
4445
31
1382
245
3046
3238
3122
857
4378
4407
4985
3328
3221
1771
2388
4038
1329
1431
3623
4298
3873
3065
4823
1613
1525
4633
2307
1144
1928
3417
321
362
664
1419
4909
4972
2198
3948
3816
1992
467
1226
2855
1293
1926
3964
1153
4999
886
173
1029
4891
2955
1906
3046
1372
2189
2237
2951
3594
1367
4564
4796
4082
2429
3216
3524
2542
706
1429
702
2585
2025
7
3892
1777
1168
2330
3328
4767
3446
3962
4232
1234
3338
2766
4066
67
238
3340
1501
3474
1376
2550
2658
4714
875
1135
470
734
1726
4692
4618
1298
4187
786
2571
4126
4747
2637
1708
1123
4331
3548
3366
4076
2850
270
1921
4054
4571
2540
703
2322
26
327
1618
1815
329
4739
1829
2056
3865
3100
3770
1947
3260
3447
4043
4060
2436
3600
2466
871
4342
4980
4668
2887
4637
1549
113
781
204
4632
2404
3441
3879
4857
14
1312
3193
3144
3356
4540
1226
3482
3237
3194
1923
1234
1293
2276
335
1815
4964
2342
272
933
2936
2265
2833
3972
1730
4109
4089
3756
325
1130
3974
2661
2246
3630
1089
1978
3573
3773
4701
3499
710
4489
674
530
3539
4290
2475
2929
2811
4151
1665
3292
250
4606
4476
4141
819
879
2196
3793
4095
1153
3052
1622
460
3074
2242
1594
3109
1182
4520
1253
3495
3266
534
1875
886
1544
3682
4072
1175
199
3835
1989
936
4008
2683
3128
5
3726
2834
6
4523
2462
4046
4036
2484
3455
117
1520
292
3575
4036
1157
1756
3380
1993
2232
232
3746
3676
2532
338
930
2125
79
2784
1431
1059
2965
4366
150
1227
1941
132
173
4805
912
1011
4975
3310
1176
2988
3923
4779
1047
3015
4806
216
3513
2418
2476
2431
678
512
835
2417
81
4509
1117
4376
4383
1555
2832
340
2570
4932
4791
4079
2528
4032
2353
1685
1822
1693
3398
2741
547
2899
4574
1487
2349
633
1029
1780
2145
2893
2206
2900
1554
4474
3240
487
800
3171
1201
2953
3685
2455
2678
3749
227
1526
4206
3759
4776
3874
4658
926
679
2133
3965
914
1106
68
518
3274
4252
1972
143
2081
4934
647
2826
3495
3563
2379
4255
4989
2546
1026
2781
2310
4476
3389
3681
342
865
4559
1385
3142
4736
4794
1957
1377
162
3816
2219
2284
1684
4096
3807
3046
1618
1824
4910
3171
3435
2788
4620
84
4775
297
4607
4602
4161
3621
330
4425
1134
3177
4069
4043
386
2800
4910
3726
1420
31
1172
3364
1418
2278
3927
3974
292
93
946
628
3333
3567
3876
