4580
3626
4569
950
4659
2915
4539
3713
4272
1792
4097
2111
377
4115
1995
3530
2992
160
3433
3213
1714
4688
4114
3895
521
1820
1754
4326
1796
2826
1771
4282
3625
4009
782
1682
1468
3214
4938
3221
1232
4888
4874
3323
648
277
243
2262
4576
1069
4376
3039
2550
1719
3601
2947
3433
2793
1162
4813
2521
4861
2455
4582
815
4885
1537
1213
4486
4576
3448
1935
4717
2906
2932
459
4230
2808
2556
3159
1807
119
2059
3107
10
970
1005
4538
4149
2189
3465
563
2236
2723
1495
4884
1335
2747
3642
3883
206
922
564
3664
1635
4207
2142
2565
139
3730
4111
3199
2032
4505
2346
4295
4983
1185
4405
1506
3246
1622
843
2844
2755
4734
3114
3618
2123
4067
564
2580
1381
3496
1162
467
4995
1684
4119
4309
4284
2294
2465
661
1870
2461
10
3384
2213
2695
4839
1737
2579
2201
628
2304
3043
4611
2646
3719
2226
228
2237
1256
2534
2204
1963
4068
4572
504
3347
1303
298
4128
332
4348
3197
3813
4165
1182
1445
4375
4391
205
1576
2897
1047
4912
666
1241
4944
2477
4407
3699
1128
3674
1726
3192
251
3513
3830
2096
3547
1669
1608
1631
4613
4059
375
1778
4953
1908
4807
1851
535
2259
4777
157
3222
4147
4496
4697
4026
2631
2998
459
4541
3416
3564
2684
3835
4085
3088
4391
302
3856
4765
616
1673
2315
3736
1018
1480
3822
452
1962
1723
3154
636
3767
4416
4446
3654
3507
3986
4727
3012
3678
3176
138
3467
2058
2271
2463
3940
3309
4929
711
4014
3211
3871
2331
4311
1940
997
1102
2443
3465
4227
3845
1556
3969
2529
892
2716
3182
1141
705
495
3640
944
2074
3176
4187
4323
3133
4926
503
4599
4789
2123
1999
2335
2240
4813
1250
4337
1977
1890
3991
232
3015
189
4822
1848
158
3161
979
2439
3759
4134
3921
1022
4792
2519
1018
1678
1049
3446
2343
3714
4927
2456
417
994
567
1868
3754
2598
3103
4340
3259
2173
367
1979
3819
41
2699
1070
1925
109
4426
3114
3819
3163
1196
2421
2402
3917
546
3934
160
1520
4060
2301
4399
1855
2953
4497
407
79
199
3414
2529
3329
1159
3953
2748
1405
1194
1079
1087
2566
2943
1224
2025
2257
2785
4171
1185
4727
500
2273
1731
990
3287
2440
275
1528
125
3844
2620
3463
4919
695
311
4659
1987
4769
4811
1365
241
1578
2091
1564
2837
2213
1553
3141
2156
4929
4533
4366
738
1468
4021
3937
2187
2982
3912
4011
2127
4165
2806
2255
2990
1865
4324
2901
2824
1008
2985
2219
2296
1158
1896
599
783
1397
919
1656
1757
4494
1519
3383
4699
3561
2171
2392
391
430
1114
4713
3786
51
1186
461
3585
4090
4703
4905
305
4715
4634
134
4866
1318
1810
4563
2693
3515
1563
1959
3896
3314
1955
2578
3350
2803
4739
1222
396
1011
4264
735
1440
4915
3839
4528
4958
