417
3505
4021
2443
2790
2143
760
3245
2315
3809
1653
2045
426
3046
1666
2513
3237
3087
326
1030
1850
3900
2253
1551
4898
4518
4549
1471
234
2323
821
4121
3783
4768
4084
829
3598
2058
4568
434
1027
2497
3742
1781
3775
487
2491
4976
2306
687
4427
153
1721
467
4792
3057
723
1567
1257
16
2783
853
211
789
1920
4148
783
1286
1787
1367
3963
4456
1918
651
627
1410
4050
3706
215
1473
4405
4337
1081
3965
4705
2033
4258
1400
481
2500
4475
3266
4917
2246
825
1714
81
4673
4350
288
4889
664
1206
4293
575
2276
2754
1519
4738
4036
3108
4831
4276
2262
204
3545
634
4006
3417
3625
2849
3504
4113
2468
4790
435
304
2452
2862
962
2735
3482
4190
4219
2334
3487
2956
3884
2927
2186
4143
1512
3523
2476
4387
571
1286
479
4052
2473
4499
4617
2911
3469
4453
1101
3990
3959
1212
2848
1276
4618
633
1166
1956
1789
3846
4516
2774
2705
646
1263
2929
4483
4890
3624
2627
4275
3046
2957
2072
1619
1506
2104
170
2831
4111
3776
707
1196
3655
4849
1079
876
4761
12
4920
1661
636
4428
136
1146
2700
3915
2916
480
4962
2723
1263
4557
4332
3125
3478
2411
3769
2920
2808
3643
2257
1408
4152
1856
4160
1576
2343
1498
389
1038
4010
4960
178
1713
1431
2495
6
3405
2124
3327
316
4145
2131
2293
1279
679
4088
2520
764
500
3205
917
1079
2616
226
4719
791
2641
285
3918
4114
3831
333
1198
2961
4443
467
2883
699
3129
1065
1506
2097
3131
3094
2824
706
2719
3354
2500
3165
3642
4696
206
4497
1396
3441
1623
4521
711
2339
1637
2895
2026
2403
77
4175
4644
860
4490
4479
4905
290
2772
3015
2981
739
1974
4776
4840
2225
3213
159
1509
4586
1432
3133
1021
84
2707
1859
4327
1482
870
4323
21
4626
4540
1641
3928
4670
2
3191
3506
4180
17
594
3496
4329
3322
1895
3491
2246
4507
3001
4885
3413
3973
522
4211
2640
2894
3720
1975
810
3441
3156
958
2031
72
1
376
2291
3323
2678
2448
992
3384
1668
672
998
1722
3867
4562
922
143
4827
3678
459
2996
582
4537
461
4637
542
2397
4362
926
4094
944
1248
253
1150
1664
3584
1529
862
1026
4150
3632
3127
2642
2208
3073
4296
3244
3320
3972
1711
676
514
2038
1327
4089
1683
1904
3668
1164
4196
53
811
4524
2742
3561
919
4443
273
3076
2089
2600
4795
1749
3917
1868
1446
343
3240
117
4924
2360
4976
1554
1891
1841
4833
2381
1394
420
2957
3490
3715
4345
1226
1404
4297
1420
2013
4974
4572
2262
2722
4130
570
4817
3284
3582
3173
833
3117
3509
747
2865
4753
1124
683
434
3457
1516
1059
4154
666
3299
2240
2014
4039
4429
743
2504
3192
1000
4083
4930
2976
1963
673
3126
271
482
3027
4704
852
3085
682
4167
4794
846
1281
4466
2298
2595
4180
3057
1564
3547
837
111
1506
3800
4938
3291
4711
4882
2926
431
14
3870
2145
3539
4470
3671
4270
4743
1288
4702
1112
2239
3523
2577
3132
1789
2917
3380
3223
2057
4311
2783
4391
4917
3467
2554
2
4860
4996
2976
4131
4828
2286
2332
2416
4105
3011
4851
492
2387
1832
1506
2765
2781
1356
3579
3759
291
3301
2203
2781
1291
4073
2972
4932
3589
2624
3282
2797
946
3587
1266
3275
354
119
4073
3099
4926
3818
4765
4558
4991
3364
1280
4818
4889
4252
2776
3014
2980
4079
3130
3997
2602
1401
3559
1211
2060
1073
1108
3659
2241
319
2238
3367
1124
2560
852
33
265
97
2889
3810
4347
2388
42
261
988
3528
3252
3598
4315
985
2368
231
2269
2349
1786
4523
4178
3075
2908
2379
1947
756
3016
989
89
463
1492
4579
1919
1092
3375
1515
1461
4434
1895
2494
3005
1917
1013
2822
2792
3580
932
3980
5
4846
4264
783
2107
4094
2788
432
2574
2874
4739
3684
2246
834
174
1162
3825
4075
2244
4568
2565
3714
127
3189
4799
876
4988
618
4775
214
3549
45
4192
1320
4783
3853
2969
1067
3802
4464
3996
3
3190
3590
4096
2421
965
1065
2932
2597
826
2440
1396
4024
4556
1397
834
4148
3287
3803
4576
4240
3824
4953
3371
2568
3387
115
1742
3935
932
1019
2751
2
679
2331
4349
2550
3610
2474
1308
982
455
2382
2708
897
130
3901
1109
2569
701
1592
795
1484
653
2622
3979
2881
1687
4297
402
3424
306
2521
2591
699
4169
2152
888
225
568
1771
4507
79
3410
868
2051
7
1778
1825
2331
132
2461
2359
3898
3958
876
1284
4343
1411
4426
1548
3325
70
4677
4507
1287
1575
4660
3310
3970
459
292
1079
1188
4253
108
1302
1783
1821
506
3489
347
1290
4242
1652
51
4827
3196
1651
4915
4801
2305
764
3923
4498
141
4109
3680
1699
2816
2711
691
4871
1774
2055
3970
4637
2545
2966
3349
2505
744
3518
3817
4521
3416
1455
1203
4625
3338
1337
4764
1048
1041
4162
2550
3951
4115
4782
980
3911
844
3793
688
3526
324
934
1555
3626
3991
1219
795
1075
3952
3193
4140
2135
1561
698
1420
3719
459
522
4314
4631
1690
3106
638
70
4558
2287
1321
256
629
2670
3100
3023
4610
4823
2086
626
4929
3949
540
2800
3459
2065
1635
1336
3210
2025
4467
1027
4808
3875
4332
2882
2212
181
1099
2916
449
1926
1562
3671
3106
518
4777
841
4942
4247
2765
4050
252
4270
2399
3858
568
805
2963
1528
861
4801
2641
3983
1640
3724
1170
3607
290
2521
4969
1258
3502
2018
336
918
3899
2208
4733
922
2810
1939
716
4566
2699
4476
1852
2236
1904
314
4807
2877
1230
4378
1854
4752
1376
4470
3253
3960
2396
1381
4300
4092
1150
3633
2358
1770
193
1202
4862
521
1669
2887
100
4592
2553
1242
3564
4886
3011
2077
3798
1120
2756
2609
2967
2698
1014
3261
3818
561
4109
2964
1312
3425
760
1575
3969
4444
3867
682
1888
3290
3975
626
477
4046
3582
2068
1154
1128
3198
4772
2691
3624
4354
4606
4373
3097
1790
1906
4903
873
1683
494
3782
3301
112
1610
4943
2285
877
945
579
3620
4471
4785
1423
2340
230
2985
3221
2300
1647
2125
2791
1698
425
1757
827
2105
3089
49
2587
821
4863
2547
1695
82
4120
3950
1539
1703
1879
3035
3201
2236
4725
4877
3392
1630
1059
2503
607
2666
4749
2018
2633
4149
2105
986
3533
2972
2606
4586
3479
3665
952
2618
133
3972
2808
2983
797
1355
4115
3636
229
3031
3913
344
4832
1311
3445
1811
4924
1567
4714
1840
2905
2093
4771
269
1475
3511
2760
331
2457
122
132
4951
3428
1798
531
3256
1098
2583
4541
1204
2301
1164
858
1856
550
3765
4515
1229
3321
1824
4412
102
2629
16
1802
392
4001
4810
3349
1939
1658
4738
2026
1617
553
1038
1450
1705
3959
1094
4205
3359
3431
2395
2316
3845
1322
1358
3345
2906
4506
4392
3475
4288
1582
3083
4575
2969
4654
1199
468
2074
715
3511
3521
831
1767
102
1255
1137
2089
4898
3879
523
464
3680
2508
3310
4762
4686
4397
4770
1015
4263
645
4960
3978
695
3726
4697
1258
1468
1666
827
3251
2761
2831
1534
1514
4853
140
4962
3689
3492
938
803
3784
7
3913
4852
2434
2074
2217
731
2733
2622
2373
1120
3391
1302
1652
2880
2246
1331
2356
1385
4613
4254
4815
4217
2565
1392
2024
3173
3001
3293
2491
1132
4274
2494
4297
1973
3217
323
2372
2129
1667
243
2666
1811
3937
3461
1269
2181
4252
2140
3481
1949
864
1572
2548
2995
1414
87
29
4579
2117
4325
4759
4660
1520
2722
5
4618
2917
1703
3646
433
2963
2150
4190
3978
2693
3144
1010
2640
932
855
421
3907
4021
2738
134
3930
4928
843
3197
285
4024
3151
3707
4383
3275
3331
494
2970
136
2206
1480
1196
2177
3519
611
1570
3382
2303
1090
3935
3059
1257
3155
1249
3548
4087
1775
4611
3235
4641
4472
3426
1907
2059
1922
3040
1161
4859
4118
2493
3381
1039
2668
4248
3799
1828
201
901
1291
3671
1003
898
4846
1414
2675
1236
4088
385
2090
4977
3875
1308
4917
145
4705
4497
1743
4244
2631
3834
170
227
4433
1374
1294
155
1018
260
684
2252
4458
1832
3279
272
1536
2397
3643
1321
4460
1206
2679
4392
2195
3550
4189
1825
3907
1758
4644
4874
4175
2113
2159
2329
2956
2340
929
2909
1749
2363
333
2731
1089
519
3490
3728
3232
3247
3302
2318
2893
3551
4943
4968
2992
2228
2264
3575
1607
910
1858
3708
779
2474
2354
2873
2366
2277
3072
3889
896
2944
321
377
3242
1184
1503
2127
4979
2189
1643
2817
3517
720
4152
1146
3410
2889
2412
3955
4807
3987
1263
1317
1632
455
2569
3886
1944
3228
1841
2051
3880
232
3318
4518
1748
2802
3988
1032
3101
4100
2809
4860
4103
2436
4759
515
2087
3539
417
963
965
3420
509
1196
2086
2450
1194
1650
198
1687
4918
387
1403
4272
3340
2378
2392
2930
3169
2470
2778
4221
2761
852
53
1214
1970
890
4548
3679
51
4260
4799
3723
1396
2159
1861
42
1486
4240
4480
598
738
3619
474
1585
1849
1930
3340
21
1832
2947
1886
3129
3186
1736
4634
4988
4562
3639
4851
4575
4802
3660
1339
4425
508
1968
4506
602
1104
320
1849
2600
1935
2152
1675
1069
101
1007
3811
1979
4578
2707
1075
2946
1661
1409
474
977
3948
3254
3483
794
844
3853
227
4258
1091
2230
3106
4122
2895
4186
1186
4525
30
2272
2685
1152
2742
2654
4009
971
329
1249
101
4810
3062
2392
2299
812
4495
3180
1506
2977
1258
393
1271
1588
1181
4525
2237
1312
1929
2065
1557
3145
1380
2600
3048
3195
2661
1740
1296
4485
1082
4088
416
2587
2226
2748
918
1906
95
2888
953
1869
1514
1924
1247
1104
2988
2803
1181
2939
3788
4649
1827
2169
4364
1790
195
1146
2085
2807
2622
2642
1915
764
3993
2841
2861
4253
3470
75
1975
1200
1471
3597
1186
3666
1946
1749
3520
2016
3375
415
4097
900
1527
489
2826
2478
1715
2446
4931
4184
3199
1754
2240
4113
3414
1045
2710
1812
4906
3414
2772
867
3219
1200
1930
2146
4483
905
1471
3006
2128
2642
4317
3085
2966
1681
774
1483
3872
175
399
3340
1429
4132
3310
770
3201
4050
4957
4130
733
2412
1847
4391
1011
2407
1706
1173
4842
4829
342
3646
2572
4100
3776
3076
4596
4745
3312
1259
1381
1465
2829
3487
82
4150
1973
2939
2399
3802
896
630
1001
1333
1849
1101
4715
3660
255
4080
683
336
2827
1224
4874
4190
2956
4890
625
1110
3843
2593
3423
2144
2792
1443
3718
549
677
1403
3411
2304
3832
4623
544
831
1541
479
895
402
818
2196
4391
2736
1441
1082
3692
2822
3030
3487
1884
2875
2503
3555
919
2646
4443
1735
2372
2
3723
4786
2078
2833
4253
2726
466
1825
4858
1735
710
3596
3111
4583
2376
15
401
1505
3884
2258
1649
4809
2936
2310
857
4701
51
161
4117
1955
1471
1918
4774
68
4015
2409
1231
532
884
622
1231
4633
4055
2509
2552
4017
630
3272
3753
4857
2466
202
4976
2077
449
2599
2843
521
2029
2040
179
4367
3019
4508
606
4344
2190
507
92
4526
4916
285
2151
1563
4961
3740
729
4215
1525
3405
4754
4969
1820
4143
973
3334
2800
4843
1961
2138
4115
446
4125
3766
3019
2087
1115
2841
762
4023
1319
259
3918
3260
3989
869
3239
1494
2129
3322
1864
4040
1502
778
4150
1940
3939
243
948
1301
4717
1261
1891
3262
2924
1580
152
3643
571
3176
161
3494
721
1761
3978
246
2058
1426
2372
4115
2108
3640
2187
724
3816
1212
2195
3670
292
3121
542
4890
315
385
2781
1237
2625
1228
702
2636
123
875
3421
557
838
2217
3649
316
939
3459
3668
1863
1116
2610
2317
1349
1364
1332
1181
4714
610
2245
290
4933
1600
4237
821
1397
3198
4729
4733
3065
1554
1129
3764
1674
3603
878
2945
2290
1041
625
1648
940
170
40
3167
2848
3045
4715
2033
100
2912
388
1569
4154
2250
2481
2681
1693
4639
555
3520
1777
2286
1810
3431
3086
4259
1236
3574
2358
1420
3333
695
3773
2580
1594
4790
4120
2619
2094
832
93
2200
1613
4293
1925
218
3669
4932
1907
4314
2741
3218
2023
1636
2735
3769
2040
1511
440
433
2950
3849
3323
2949
537
1918
3514
678
221
584
1246
4522
2035
1240
1322
4024
3765
2426
434
2570
804
558
1236
4795
3270
3318
1175
1561
4250
3945
4966
4343
2860
3134
4489
2455
1938
1247
3612
3317
2794
2308
3129
2868
3439
2601
2547
339
2086
704
948
3785
4536
2528
3516
207
2259
4199
3622
1608
2609
2684
2538
1039
3618
3680
4954
554
3238
3590
3490
990
1757
2412
4269
1669
1325
1938
3492
1443
3191
3987
1619
981
1295
1298
2436
4824
317
4307
3798
565
2164
303
290
1412
2109
2309
398
2530
4534
3657
2032
823
3235
392
401
2206
2815
2534
1331
34
518
1753
1041
3047
2216
2205
338
1106
1917
3082
1919
2022
1322
985
4194
2994
4450
2329
3629
508
2288
817
127
3093
3748
2507
1352
1960
1971
1079
2248
415
4141
3718
192
3879
3532
3454
4406
3533
4481
1880
209
2838
4323
1939
4722
2701
1109
3850
410
2596
2104
3322
1656
1776
641
4904
2182
1565
2889
4712
2733
1860
1514
778
3891
2149
4975
964
3275
4779
4449
2735
4660
724
4953
1056
3769
820
3276
352
1538
3285
2756
3779
723
1351
3772
2999
569
3017
4037
4305
2128
3230
4470
2200
3492
2324
4431
4463
4885
3139
4582
3354
3048
3074
1510
819
2819
1250
487
1501
1161
87
1468
878
132
4849
3445
2107
451
4129
3845
3997
1416
3833
2468
4066
834
1939
3842
4843
590
1207
2523
3380
4192
2052
3018
3472
2367
2989
4499
2218
1362
1440
438
2360
1122
3158
4597
4324
1909
4247
2550
1983
3269
543
2089
3966
3446
118
1360
2754
511
802
609
1892
3471
919
1698
2421
2586
2876
4404
2995
2978
846
4624
4246
4351
572
2227
1653
2308
1198
284
2549
3340
1160
2783
1938
993
2342
4753
3452
146
4144
1926
1163
4582
1625
1677
4902
245
4577
3010
1464
2678
2270
764
1306
2120
1593
3087
385
3682
4507
1413
4359
2808
4027
3868
2661
2979
1470
1051
2904
3225
1282
2623
1662
2556
3631
3961
892
1881
3827
4456
214
1286
1784
2660
3786
1862
3987
3614
1733
1374
4847
133
4990
2172
3894
2774
3898
2696
11
2459
129
813
3770
470
3312
3021
4002
2644
3264
3215
4919
3087
857
3361
464
2704
379
870
3080
4112
3706
3924
4754
2306
1718
1293
4030
4544
1191
2421
3646
3501
801
1675
4596
4667
2992
2711
3733
2377
4206
4823
3442
3580
4346
3015
3535
4657
2453
2276
2311
4191
4242
4202
580
3551
3556
691
4591
2577
3798
4873
991
4430
2095
3873
4353
1903
3294
1232
336
2087
2877
4053
269
2307
2544
995
765
2675
4517
2287
39
4448
586
1804
705
3591
4537
4085
2230
628
1889
907
4629
879
3791
2628
3673
3668
2527
4076
1672
4937
4320
3196
1801
4966
1038
3004
3113
1593
954
3667
2586
4405
4925
1681
4991
1836
3254
2192
966
1053
4987
3468
3368
4763
615
4425
1900
4811
970
1877
1031
4545
4622
3904
1451
446
3212
4278
623
3447
3986
461
3546
1689
1260
4032
492
4226
3642
2766
4293
4308
1662
2790
773
1435
843
2369
2014
3348
3382
933
3472
2448
2327
2857
2389
957
556
410
1569
256
2904
3985
4335
2472
3542
440
3413
1327
2019
1895
3548
4694
471
2843
4928
3087
1147
2794
1815
1524
2751
4961
3398
1822
1097
3688
1523
3392
4242
4426
2851
3049
4539
53
991
3151
50
1262
2316
2664
366
1545
2526
2357
2153
4041
4461
3405
2698
3115
1342
3123
303
3113
3394
2441
3619
144
4746
1959
2936
112
1643
2144
4983
2460
2225
3284
4021
4261
2581
2317
870
3352
3340
1533
3068
2184
813
3470
3507
938
1556
2026
1755
4238
4309
1902
1771
510
3423
2046
1868
1585
3284
3675
2570
2712
3728
4777
527
4500
2109
761
1703
3667
3539
42
4894
3663
1759
3915
2030
4414
4264
2019
4820
2397
1589
3079
3033
3276
2128
347
3146
4120
427
2373
2091
1007
3716
2314
4611
477
3284
2955
4065
4849
4471
44
565
1909
1179
3324
2016
3849
3293
2857
2963
3622
2859
2851
3145
4059
2635
1231
2330
1228
3433
591
274
3471
4736
45
661
1512
1182
2684
465
2812
896
27
1465
91
76
2891
3602
4557
1923
2569
404
3930
1758
2059
20
3767
4158
4367
1240
2977
2017
3585
2504
633
1718
4521
3044
1386
3025
3151
4259
816
1854
3057
873
70
3850
2315
665
966
1559
1022
3376
3586
3018
1727
3903
3022
4839
3596
2033
570
3142
1040
799
2162
1275
3875
2983
3226
3891
3816
438
4512
2774
1277
3650
2598
816
1962
4418
1979
1658
4726
2626
2618
3803
523
3788
2827
4488
2049
2513
2170
167
4852
3031
2844
2254
3259
1688
649
3672
3487
2661
3233
3842
1653
2185
3766
1976
1264
3263
2576
909
2897
2171
2575
1286
3480
72
1485
3571
3525
2703
4972
3242
3151
3404
4816
2541
1531
4737
142
283
4661
1541
2545
4616
2971
3589
2706
2036
3370
3885
1671
4657
4765
4306
4543
1488
1960
3470
2769
3451
109
2658
3532
952
584
4173
1049
2108
4184
2703
4705
4119
4118
4186
3034
4887
4083
3131
543
1685
1056
3601
1221
3580
3134
855
3407
4354
4866
175
340
2875
1044
1539
4341
3214
4841
3618
74
2321
2534
3038
3736
3761
4754
4978
353
1793
3404
3939
590
1104
3871
3963
1581
3616
4191
678
3364
93
1115
3271
3417
718
2855
2924
1651
419
4434
272
1970
1486
4154
3199
4170
2940
3682
2616
1516
3190
4661
2935
4804
4746
1547
602
3109
2140
3568
3425
4684
1755
3347
392
3695
4965
720
1377
4547
3835
2725
3390
590
1653
4561
30
2867
3736
1563
3397
2440
2256
3891
3030
1482
2352
3646
4329
4024
392
3646
4540
1725
4070
2895
2632
3512
2957
1094
268
277
2244
3205
4676
2045
1670
144
390
248
1045
3205
754
1742
3363
2683
1569
4214
1221
469
3482
4513
2151
2122
1520
2193
3525
999
4710
274
2875
578
838
3821
4844
1021
1252
4436
1480
2357
3037
185
3282
4399
1043
780
4190
2679
19
2080
4734
205
2526
2086
3663
1813
1415
2660
4701
1273
1378
2117
1485
1042
2517
3723
389
756
4888
3835
2676
3146
1753
1136
4339
8
579
4951
4085
1322
4914
1105
2120
2337
1902
3184
4819
1717
4584
318
2855
3421
85
4831
3121
998
4491
4163
2592
456
2471
1514
304
1638
4727
3534
1796
3317
3921
1228
3678
3850
46
1954
4483
2293
4124
1032
1582
4324
4701
1001
2753
3199
4884
24
4928
3222
3519
3280
1760
1908
2728
2431
910
2076
182
3427
1375
1612
3407
1961
752
1543
4910
3886
2063
2352
1128
4751
4658
4174
12
3441
3751
3637
1596
4547
3352
3625
3004
2750
2701
2171
4205
4957
1847
2999
3260
2360
2652
3029
4944
4918
2350
1225
4393
4951
2766
3797
2872
4710
4432
2667
835
4784
1133
2499
4221
1158
1875
1378
3304
3613
3860
1350
4484
1860
1823
2683
4146
3521
1011
4642
41
4578
3142
1004
4719
3443
1929
315
2183
4134
2138
4122
3317
2351
3689
1005
2600
445
10
279
3305
3342
2719
1629
662
2537
2704
819
2450
4119
856
1805
4096
4676
41
2275
639
601
3341
2654
859
1960
2287
3088
4441
1653
2548
3790
1321
3989
3535
1379
3235
4176
2445
2547
1072
1492
2567
1453
2841
4029
67
3741
932
1999
3065
2964
3875
4553
1517
4524
2010
1943
1346
2904
3278
651
1267
124
4889
3790
986
1852
3734
2687
4779
2523
3256
3071
4999
2168
1920
678
707
383
3583
1426
2451
2026
2813
525
213
4753
3666
3016
2662
504
3494
271
2157
1378
4128
2931
1394
121
1169
613
4186
1643
3191
2443
4653
4517
1355
180
981
467
1332
2223
2021
190
3444
2284
2201
687
3620
891
2641
2484
2103
1163
3870
4737
3847
2500
3274
2225
4202
1928
3250
678
760
2829
4045
711
2257
4727
3447
871
2993
590
3795
1961
1557
4842
288
2845
528
919
3174
2404
4472
1718
231
3169
1754
4755
4868
4442
1610
1168
4318
1371
1479
3986
1608
1553
813
1226
4467
2206
1453
3452
3857
3861
1181
3405
4587
823
1256
2195
313
4352
578
2331
319
1639
3608
2548
629
2165
1347
3008
2398
2960
4466
1937
995
620
167
1184
4922
657
4452
3502
4466
3931
4276
3571
1035
447
4481
2916
4198
2755
2511
908
4804
4575
4640
4990
3965
19
867
3086
4301
4958
1669
4953
1628
4700
3544
1848
2166
1075
1623
499
2424
2477
1681
2788
1167
2175
541
1986
233
3433
3229
4635
3528
4585
2207
4372
1223
3236
3687
79
4040
1181
3338
785
503
474
3636
3596
3236
1314
2777
3809
3687
4062
298
3042
3136
750
2529
1871
1518
913
1565
2987
4337
2420
4708
4332
1935
278
2209
4026
4473
28
4747
144
237
2455
3229
3566
4309
2828
2440
1198
4230
762
1542
4819
3979
1108
3644
2711
2516
1987
3478
1991
3164
3193
1741
4277
301
1707
1783
906
201
1007
4171
1434
3375
2167
2083
553
1409
2506
636
3879
2165
1656
1028
2299
3145
525
791
2671
3991
524
4561
4741
366
3843
517
49
2931
305
1025
3461
1711
2513
2107
1733
2940
3586
62
1140
2368
765
4928
2805
1099
3575
4517
4804
2258
2024
4427
4547
4173
3525
3795
3159
3302
1852
3522
845
2836
2452
3387
3273
772
861
1747
4022
4232
4818
1515
2090
30
893
3701
1209
4754
3101
105
4506
1145
4027
4662
3627
1197
3435
3553
1005
166
210
2424
2388
4664
743
4973
4087
2081
558
705
672
2883
1037
904
3980
1714
4635
698
3405
2827
4811
1670
370
99
1259
3607
1796
1769
1704
857
3148
76
3629
3238
1342
1189
2863
3605
1391
1160
834
3988
3169
4160
3671
4686
1092
4918
4040
808
4827
3106
777
3560
3358
3404
1903
3971
2889
1099
3595
4881
1067
4401
1014
2735
982
1055
1706
4143
3232
3499
3423
3221
3100
3510
832
4441
2550
4276
4546
2100
3323
4836
1310
1537
2878
4105
999
3912
4302
4077
4243
706
4626
4344
4174
1104
3118
2761
1751
50
2303
4952
1587
2118
4383
3369
4006
1252
4705
4773
4323
4110
1702
3330
1961
4969
4482
28
100
3132
4845
2698
965
4326
75
4782
2788
862
1255
4900
1681
1211
4257
3385
397
3209
1748
1212
983
1338
4776
1193
4865
2378
1525
835
1765
275
3822
1052
3177
232
3851
4739
1823
3902
4322
4338
625
2019
20
2652
3256
2999
2291
1567
3260
812
469
3852
45
2928
737
3836
2831
4234
3150
3647
2736
612
1845
2624
3768
1304
1531
3688
426
2266
440
1725
3005
3483
828
518
1436
1593
2965
1321
4697
257
2345
2993
396
4398
2452
471
3132
832
2026
471
622
1824
1244
538
3385
4783
579
4917
1996
680
4435
3322
518
727
3797
1315
751
548
3281
3914
4374
3359
2933
2034
3853
3643
4067
4544
3278
439
1238
2043
1894
4628
4160
1948
1167
2546
4033
3113
677
3835
3250
2008
3988
4695
925
1411
2926
3606
4007
1706
2378
143
26
4119
2776
3715
2644
4641
3962
2969
297
1988
1995
3061
1132
2644
4781
2258
4378
953
3092
1109
4039
2248
689
1967
502
2215
750
3771
4251
1045
745
1814
3387
1436
4254
4697
3052
188
906
770
191
3934
4842
4171
1294
568
2576
973
3901
4027
3153
4073
4668
1422
1814
1169
2782
2919
3199
3619
2289
1411
1240
4988
733
776
537
1835
4101
3416
2949
661
4671
4882
3565
3957
3831
588
1989
4983
1302
2022
3122
243
489
2413
1186
633
1902
4483
1810
1873
2636
815
4383
2157
4960
326
726
4917
931
2565
1391
2215
2800
4814
2512
4567
673
516
4196
914
4546
1143
920
3089
2343
2433
225
2311
4050
4879
3302
1214
4377
2439
4730
3419
2630
2729
3702
3906
3654
1344
579
2301
2746
2560
489
2732
449
3381
13
3077
4974
2792
3687
3284
829
3114
4166
1931
1885
574
3445
2350
735
2537
2399
4447
3699
4378
2315
814
2233
4638
4751
863
1826
2913
263
4469
3686
948
2056
2066
2655
3495
2589
1214
1815
1835
4526
414
204
4277
2187
4337
4903
4577
852
716
2501
975
3816
2838
2630
466
1128
2961
2799
4992
4306
1013
4260
3486
3138
4605
2994
1077
3883
731
3197
4307
2812
1531
2863
3921
24
1141
2115
4637
918
2978
4978
4327
1541
1738
4183
3191
4252
2056
1409
1857
1793
1016
2096
795
923
4651
4589
2092
1219
4158
2919
3408
498
816
946
2908
620
4460
2973
3054
1074
3978
2161
401
2848
4462
3253
2974
1577
4545
183
1371
1846
3988
2115
4471
3836
736
3340
496
4208
3543
3230
4260
232
727
2181
1594
4683
2788
3022
2314
3975
1438
4904
3625
3299
34
3106
1485
312
550
3470
3319
3036
4987
4441
1426
3205
4573
2797
2575
3224
3166
1197
571
3304
2056
1614
30
83
1733
3573
1200
4230
2272
4861
2439
2097
2679
53
3862
509
949
3740
2768
4129
565
845
3665
1677
898
778
3125
469
3290
472
2210
3365
1592
3522
1952
3228
589
3781
190
2430
3064
1722
1099
3770
1203
837
1916
4409
669
4122
4681
1079
957
2446
4299
2859
3573
2216
2873
2278
172
4298
4044
1390
1031
4587
21
1684
144
3971
3098
430
1791
1693
2725
1102
4623
1271
3590
2024
3214
2204
4786
280
3525
3666
4819
2230
2934
3270
2158
2684
2312
4780
1021
1894
2135
3313
2307
3044
1757
209
4972
2871
796
2225
3605
4325
4049
1125
3669
2988
1460
73
1684
3060
2453
2423
3617
4293
4388
1680
858
3224
2961
3389
4499
397
3150
693
34
59
2669
131
1241
4965
1012
2998
3749
1545
813
265
734
4640
4684
609
220
1429
4683
1589
756
974
3261
3376
4563
3996
3875
2731
4837
2144
1457
2131
1570
1999
2575
15
3106
1518
2437
3153
3687
433
846
1040
374
1367
1853
33
1090
78
2113
1684
3989
1280
902
328
2004
976
320
4556
219
2065
2492
611
2658
2283
1437
3112
4190
2212
853
4772
2520
1156
311
1917
4642
199
1160
1694
1711
4621
38
4826
1031
2200
2024
4661
3732
4571
2326
4025
1743
995
4904
1112
2915
2349
3553
4212
3432
3132
806
2608
2229
565
2484
2376
2764
2642
812
1120
3333
1098
1841
4939
3082
858
3308
4005
2040
4431
2194
218
4752
3137
1965
1282
3566
1774
2877
478
4231
4543
4825
71
3216
2626
879
4040
3096
2776
1062
2309
4402
1718
4936
4192
4590
2918
3250
3105
2145
509
3250
2897
1418
4783
4230
3354
1434
4649
4582
3516
4843
4921
3897
1454
1115
104
3634
3065
1332
1592
2498
269
179
1859
2960
710
4279
2237
3260
1675
4610
370
4849
524
4571
4271
3454
2314
4180
2198
2881
2704
27
1229
4192
419
4841
2503
4134
3780
4964
2584
578
4821
3598
3311
4218
2516
2416
1767
11
3506
4023
2750
3628
4516
2789
3210
2746
324
1791
1655
93
4762
3939
447
33
4725
887
245
2898
3573
3985
3590
1417
635
2383
3778
1373
2735
4334
709
4034
1822
3925
2366
1018
4766
1725
3939
2986
2386
4320
1379
1960
4581
4279
2348
3125
2212
3883
108
703
4030
2854
4881
3824
3525
2415
2621
2387
1044
199
2917
4572
886
2983
978
1990
1398
1693
3248
482
3265
878
2232
4213
2300
2686
3529
3024
3032
3393
1908
2969
3317
3700
3505
2584
2998
2341
2858
2716
1371
1032
1550
677
3858
2422
4692
67
2785
1501
2339
883
656
4866
199
393
1625
1380
2688
3861
3128
1969
1436
383
4828
779
3875
3000
1042
4443
4409
3753
847
981
4977
3555
1899
4697
2529
3574
4808
3530
3046
4340
4603
473
261
918
4409
1066
2153
2320
3969
4453
4640
785
2062
1183
4610
1675
2174
1749
3593
2517
4
839
3928
170
4529
3422
1225
3145
1372
75
299
1916
3168
410
1513
3394
1477
70
658
1856
3528
3524
3062
2294
4769
1801
1628
3548
4732
1399
3878
2599
4227
2817
4900
3088
1235
4545
1298
479
1167
919
838
3250
4351
4899
3542
4193
4699
4742
2374
3173
3518
1508
522
2688
1332
2522
2486
183
3419
4259
2874
1350
1453
1562
4809
1581
4323
3779
4353
3342
680
2172
3183
464
4257
1914
4045
1260
317
1096
2189
943
2867
3422
1051
36
2409
698
1970
4304
3097
785
584
3329
1123
1431
1893
3968
3029
275
1644
1826
3460
1354
3846
3329
1517
3672
2704
3187
3520
2708
2229
1787
2457
1281
3077
4576
816
1847
3934
578
3833
3136
3898
4990
4378
8
2864
1222
3874
1547
3882
848
628
3722
4798
671
2954
4367
1304
4529
4267
4863
4645
3489
1098
4646
4860
1845
