4999
4999
4986
4985
4985
4982
4976
4968
4961
4958
4953
4950
4948
4928
4916
4915
4911
4907
4906
4903
4887
4881
4880
4875
4875
4863
4861
4856
4848
4847
4829
4824
4813
4807
4800
4798
4796
4796
4788
4770
4768
4767
4765
4757
4755
4743
4739
4728
4726
4719
4710
4683
4680
4670
4670
4665
4665
4660
4658
4655
4651
4644
4636
4627
4618
4600
4598
4593
4580
4571
4568
4566
4564
4562
4557
4555
4544
4543
4543
4531
4531
4529
4514
4513
4509
4508
4504
4503
4501
4501
4495
4489
4487
4485
4484
4476
4472
4471
4464
4464
4463
4459
4454
4453
4441
4437
4429
4415
4414
4414
4404
4404
4402
4398
4386
4378
4376
4372
4369
4361
4350
4349
4348
4342
4338
4320
4319
4318
4309
4307
4306
4305
4292
4287
4283
4251
4245
4243
4241
4234
4233
4224
4219
4218
4218
4208
4207
4202
4196
4190
4187
4182
4180
4177
4174
4168
4162
4162
4157
4155
4150
4145
4143
4134
4132
4131
4125
4115
4115
4109
4098
4090
4074
4066
4062
4059
4057
4037
4036
4033
4029
4028
4027
4024
4024
4022
4016
4014
4010
3982
3979
3972
3971
3967
3965
3961
3961
3957
3954
3936
3931
3928
3925
3919
3919
3916
3915
3914
3908
3907
3894
3883
3866
3866
3860
3844
3838
3834
3828
3824
3823
3822
3803
3799
3796
3766
3765
3764
3763
3756
3748
3748
3746
3740
3719
3711
3700
3687
3682
3682
3679
3677
3670
3662
3654
3654
3649
3649
3648
3644
3641
3631
3630
3618
3610
3608
3601
3590
3572
3562
3561
3558
3556
3550
3545
3534
3532
3525
3520
3520
3516
3513
3509
3499
3490
3490
3460
3457
3451
3448
3443
3441
3425
3423
3417
3417
3417
3398
3395
3394
3394
3381
3377
3376
3374
3372
3364
3341
3337
3334
3333
3324
3317
3317
3317
3316
3314
3313
3310
3293
3285
3277
3273
3270
3270
3260
3243
3241
3238
3227
3226
3204
3203
3200
3198
3197
3191
3191
3174
3173
3171
3159
3154
3154
3144
3131
3119
3119
3111
3109
3106
3097
3097
3092
3089
3084
3080
3076
3071
3069
3068
3062
3062
3058
3057
3054
3049
3028
3026
3025
3022
3018
3018
3017
3017
3015
3015
3011
2997
2995
2987
2974
2972
2970
2969
2967
2965
2958
2952
2949
2944
2938
2930
2926
2922
2922
2921
2917
2917
2914
2912
2900
2899
2892
2888
2882
2879
2876
2875
2871
2868
2857
2835
2828
2823
2822
2822
2820
2818
2816
2815
2813
2811
2810
2805
2794
2789
2787
2786
2780
2779
2779
2778
2776
2772
2770
2769
2768
2762
2753
2752
2750
2749
2741
2732
2723
2715
2715
2715
2707
2704
2692
2688
2688
2687
2671
2670
2668
2664
2662
2662
2659
2658
2656
2643
2642
2635
2635
2628
2626
2607
2603
2600
2600
2594
2589
2587
2585
2584
2580
2578
2572
2566
2564
2561
2560
2552
2526
2522
2511
2505
2500
2499
2490
2481
2480
2475
2474
2468
2465
2453
2450
2450
2442
2438
2435
2414
2411
2410
2404
2400
2395
2382
2380
2380
2378
2377
2368
2353
2351
2351
2344
2340
2335
2335
2334
2327
2327
2327
2317
2295
2293
2286
2283
2280
2279
2266
2266
2255
2255
2243
2241
2238
2237
2235
2234
2229
2228
2226
2201
2199
2197
2191
2176
2174
2164
2157
2157
2156
2151
2146
2134
2133
2131
2112
2106
2100
2099
2097
2092
2085
2068
2067
2066
2046
2030
2020
2010
2007
2007
2006
2005
2005
2004
1998
1991
1987
1986
1984
1978
1978
1977
1962
1961
1955
1951
1948
1942
1936
1933
1921
1919
1915
1914
1913
1910
1909
1902
1901
1899
1894
1885
1885
1882
1866
1866
1865
1861
1858
1854
1847
1846
1835
1834
1832
1830
1828
1828
1828
1827
1823
1821
1818
1815
1807
1800
1793
1792
1791
1789
1785
1780
1769
1760
1758
1757
1756
1749
1746
1744
1743
1741
1731
1728
1725
1724
1717
1716
1715
1714
1713
1712
1707
1706
1703
1703
1701
1687
1657
1653
1649
1644
1635
1631
1629
1621
1617
1607
1604
1598
1596
1594
1579
1576
1572
1571
1570
1560
1553
1551
1550
1546
1543
1537
1536
1535
1533
1529
1529
1529
1528
1521
1517
1516
1516
1516
1509
1501
1494
1493
1489
1489
1477
1473
1469
1460
1460
1454
1453
1453
1445
1442
1439
1437
1436
1418
1418
1415
1412
1411
1409
1407
1406
1405
1405
1405
1399
1396
1393
1387
1387
1384
1379
1365
1356
1354
1351
1334
1328
1321
1320
1319
1317
1315
1313
1312
1300
1292
1286
1282
1279
1279
1279
1258
1256
1252
1251
1231
1228
1213
1211
1211
1207
1206
1200
1196
1187
1175
1165
1162
1150
1145
1137
1136
1132
1130
1130
1129
1119
1116
1104
1088
1087
1083
1082
1078
1075
1073
1069
1057
1053
1053
1051
1043
1042
1042
1023
1020
1011
1010
990
989
987
986
974
972
964
960
955
953
947
937
926
923
916
914
912
910
905
899
896
893
886
885
881
877
871
870
866
865
862
861
859
857
851
850
844
830
828
824
821
816
816
816
815
813
786
779
775
768
767
761
761
755
752
751
751
748
741
739
730
729
729
727
725
725
723
722
704
691
687
683
672
661
657
652
647
647
645
641
634
634
629
622
621
619
617
614
604
591
582
582
581
578
554
544
542
539
534
527
521
516
510
507
493
490
480
480
474
465
462
451
444
439
422
418
417
411
408
400
386
382
379
378
365
362
361
360
358
358
349
343
341
337
322
317
308
301
301
290
284
283
278
270
266
260
254
252
251
245
243
234
231
227
224
220
217
193
193
188
187
186
186
175
175
170
156
154
145
135
133
131
122
122
121
117
108
107
90
82
77
77
76
72
69
67
60
51
46
38
37
37
34
33
33
31
30
22
17
1
