4999
4998
4989
4989
4988
4987
4987
4985
4980
4978
4978
4975
4975
4972
4969
4964
4963
4962
4960
4959
4955
4953
4942
4937
4937
4934
4932
4931
4927
4926
4924
4920
4914
4911
4910
4910
4909
4908
4904
4903
4900
4898
4891
4891
4884
4884
4880
4877
4868
4868
4867
4858
4857
4857
4857
4857
4856
4856
4856
4855
4848
4836
4835
4833
4833
4831
4824
4823
4819
4813
4806
4805
4805
4796
4794
4791
4787
4785
4783
4781
4779
4777
4777
4776
4776
4775
4774
4774
4771
4768
4768
4767
4767
4765
4759
4755
4752
4751
4750
4747
4747
4745
4739
4739
4736
4736
4735
4723
4721
4719
4718
4716
4714
4709
4709
4706
4701
4698
4698
4696
4692
4692
4689
4681
4675
4668
4666
4662
4660
4659
4658
4658
4656
4652
4652
4649
4649
4644
4644
4640
4637
4633
4633
4632
4631
4628
4626
4622
4621
4621
4620
4618
4611
4608
4607
4606
4602
4600
4597
4596
4592
4591
4591
4586
4581
4580
4580
4577
4576
4574
4572
4571
4571
4569
4566
4564
4564
4563
4562
4559
4559
4546
4540
4535
4533
4529
4525
4523
4523
4520
4513
4509
4508
4506
4506
4503
4498
4497
4494
4490
4489
4488
4486
4484
4481
4480
4476
4476
4474
4469
4462
4460
4459
4456
4455
4455
4452
4445
4445
4444
4441
4438
4432
4432
4431
4431
4431
4430
4426
4425
4425
4424
4421
4421
4421
4417
4417
4411
4410
4408
4407
4407
4405
4402
4397
4396
4392
4391
4390
4389
4388
4384
4383
4378
4376
4372
4370
4366
4364
4362
4353
4353
4345
4344
4342
4342
4338
4334
4331
4326
4325
4324
4324
4323
4322
4321
4321
4317
4316
4316
4314
4313
4312
4302
4301
4299
4298
4293
4292
4291
4290
4287
4279
4276
4274
4272
4269
4269
4266
4263
4259
4258
4255
4255
4252
4252
4252
4250
4234
4234
4234
4232
4229
4222
4218
4212
4210
4210
4209
4206
4203
4198
4198
4197
4196
4189
4187
4183
4182
4178
4177
4174
4170
4162
4161
4161
4161
4161
4158
4157
4155
4151
4141
4140
4138
4132
4131
4129
4129
4128
4126
4123
4122
4116
4112
4111
4109
4108
4107
4104
4103
4097
4096
4096
4096
4095
4095
4090
4089
4086
4086
4084
4084
4082
4080
4079
4076
4076
4072
4069
4066
4060
4057
4056
4056
4055
4055
4054
4054
4049
4046
4043
4043
4039
4038
4038
4036
4036
4032
4029
4028
4024
4021
4021
4020
4019
4018
4013
4008
4008
3989
3985
3985
3984
3981
3978
3974
3974
3972
3972
3969
3965
3964
3962
3961
3961
3960
3958
3956
3953
3951
3951
3950
3948
3948
3948
3939
3938
3931
3930
3927
3924
3923
3922
3921
3916
3909
3909
3909
3902
3892
3891
3888
3887
3887
3887
3883
3883
3879
3876
3875
3874
3873
3873
3872
3872
3872
3872
3870
3867
3866
3865
3864
3864
3860
3844
3841
3841
3840
3840
3835
3835
3834
3833
3816
3816
3814
3813
3807
3805
3804
3802
3797
3795
3793
3793
3790
3788
3780
3778
3776
3773
3772
3771
3770
3770
3761
3759
3759
3758
3756
3756
3752
3752
3749
3748
3746
3746
3745
3745
3736
3732
3726
3726
3726
3724
3721
3720
3710
3706
3703
3701
3689
3687
3687
3686
3686
3685
3684
3682
3681
3681
3677
3676
3676
3673
3662
3662
3658
3657
3657
3656
3654
3647
3640
3639
3637
3631
3630
3625
3624
3623
3623
3622
3621
3616
3615
3610
3609
3607
3600
3600
3596
3594
3582
3579
3578
3577
3576
3575
3575
3573
3572
3567
3563
3562
3558
3555
3554
3552
3552
3551
3551
3548
3548
3546
3539
3532
3528
3528
3527
3526
3524
3522
3520
3520
3517
3513
3513
3501
3499
3495
3495
3495
3494
3493
3489
3487
3487
3484
3482
3482
3474
3473
3471
3471
3471
3464
3462
3457
3455
3454
3453
3450
3448
3448
3447
3446
3441
3435
3421
3417
3417
3413
3410
3404
3401
3400
3399
3398
3390
3389
3383
3380
3380
3380
3371
3370
3366
3364
3357
3356
3355
3355
3354
3348
3348
3347
3344
3344
3340
3340
3339
3339
3338
3337
3337
3335
3333
3328
3328
3323
3313
3310
3304
3302
3300
3297
3297
3292
3279
3278
3277
3276
3275
3274
3268
3266
3266
3260
3260
3254
3254
3247
3244
3243
3242
3241
3240
3238
3237
3237
3236
3235
3233
3232
3231
3230
3221
3219
3218
3216
3214
3212
3210
3207
3203
3196
3194
3194
3193
3193
3184
3181
3181
3178
3177
3172
3171
3171
3163
3163
3162
3151
3151
3150
3149
3146
3145
3144
3142
3137
3132
3132
3131
3128
3124
3124
3122
3122
3122
3117
3110
3109
3106
3102
3100
3093
3092
3091
3075
3074
3070
3067
3067
3065
3064
3059
3057
3052
3047
3046
3046
3046
3046
3045
3036
3030
3021
3017
3015
3013
3013
3013
3011
3008
3003
3001
2997
2997
2995
2990
2988
2983
2972
2967
2965
2964
2963
2962
2959
2955
2955
2954
2953
2951
2946
2943
2940
2940
2936
2929
2927
2923
2908
2906
2906
2904
2900
2899
2899
2897
2893
2890
2888
2887
2887
2884
2883
2883
2882
2880
2877
2877
2875
2873
2868
2867
2866
2866
2864
2863
2860
2859
2855
2852
2851
2850
2841
2837
2835
2834
2833
2832
2826
2819
2819
2819
2811
2810
2806
2800
2796
2788
2787
2784
2781
2780
2778
2766
2764
2763
2761
2760
2759
2741
2735
2733
2729
2729
2727
2725
2723
2722
2717
2714
2713
2712
2710
2709
2703
2697
2693
2690
2685
2685
2684
2683
2683
2682
2678
2678
2677
2671
2668
2667
2663
2661
2659
2658
2653
2653
2648
2648
2645
2643
2642
2637
2632
2630
2630
2629
2627
2626
2626
2620
2613
2612
2611
2605
2601
2598
2593
2593
2587
2585
2578
2575
2574
2574
2573
2572
2572
2571
2570
2569
2564
2564
2563
2553
2550
2550
2546
2546
2543
2542
2541
2540
2540
2536
2533
2532
2530
2528
2525
2524
2522
2520
2516
2507
2505
2502
2501
2499
2499
2496
2496
2495
2493
2488
2485
2484
2479
2476
2476
2475
2474
2470
2466
2466
2464
2462
2462
2457
2455
2453
2451
2449
2447
2447
2444
2442
2442
2439
2436
2431
2431
2430
2429
2425
2422
2420
2419
2418
2417
2415
2410
2410
2404
2402
2389
2389
2388
2385
2385
2383
2379
2377
2375
2374
2372
2372
2364
2362
2359
2354
2353
2352
2349
2344
2343
2342
2342
2340
2337
2334
2330
2330
2330
2329
2327
2326
2323
2322
2316
2312
2310
2310
2307
2307
2306
2303
2302
2299
2298
2294
2293
2290
2289
2285
2284
2284
2284
2281
2278
2276
2276
2273
2271
2267
2266
2265
2264
2262
2260
2253
2247
2247
2246
2242
2240
2237
2234
2232
2232
2231
2227
2219
2219
2217
2213
2212
2211
2206
2203
2198
2196
2195
2194
2194
2191
2189
2183
2175
2173
2172
2168
2163
2163
2162
2158
2157
2155
2154
2153
2151
2150
2146
2146
2145
2144
2136
2133
2133
2132
2127
2126
2125
2119
2114
2110
2108
2099
2097
2097
2097
2094
2086
2084
2081
2076
2072
2067
2066
2066
2062
2059
2059
2056
2056
2054
2047
2046
2045
2039
2034
2033
2033
2026
2025
2025
2025
2024
2022
2021
2020
2010
2010
2006
2006
1993
1992
1991
1991
1989
1989
1988
1984
1983
1983
1980
1978
1973
1972
1967
1964
1960
1958
1957
1955
1954
1954
1953
1952
1949
1948
1947
1946
1944
1941
1941
1941
1936
1931
1929
1928
1926
1924
1923
1921
1920
1917
1915
1912
1909
1909
1906
1902
1896
1892
1892
1889
1888
1884
1884
1884
1882
1878
1876
1875
1874
1870
1870
1869
1868
1864
1861
1859
1850
1849
1842
1841
1838
1831
1829
1828
1824
1823
1822
1820
1819
1817
1815
1815
1812
1811
1808
1807
1804
1801
1797
1795
1791
1791
1790
1789
1788
1788
1788
1784
1782
1782
1780
1780
1778
1777
1777
1771
1768
1767
1766
1766
1763
1762
1761
1760
1760
1757
1756
1754
1753
1752
1751
1737
1736
1730
1726
1726
1713
1711
1710
1708
1707
1706
1706
1702
1698
1693
1687
1686
1685
1684
1683
1683
1682
1681
1680
1679
1677
1675
1672
1668
1668
1666
1665
1663
1657
1651
1650
1648
1647
1647
1639
1638
1637
1637
1623
1622
1618
1618
1614
1613
1610
1609
1602
1601
1599
1594
1594
1592
1590
1589
1588
1583
1583
1578
1577
1575
1573
1572
1570
1567
1564
1555
1554
1549
1547
1544
1541
1541
1539
1533
1526
1525
1525
1524
1521
1521
1520
1517
1516
1516
1516
1515
1515
1502
1501
1500
1495
1495
1489
1489
1488
1487
1479
1478
1478
1475
1467
1465
1465
1464
1462
1460
1459
1450
1443
1439
1431
1431
1431
1429
1420
1419
1418
1418
1412
1409
1407
1403
1401
1397
1396
1394
1387
1385
1385
1384
1384
1383
1382
1381
1379
1377
1376
1376
1372
1370
1368
1367
1367
1362
1347
1346
1344
1343
1340
1338
1336
1333
1330
1329
1328
1326
1326
1322
1322
1321
1321
1321
1316
1314
1314
1312
1310
1306
1305
1303
1298
1293
1293
1293
1286
1282
1281
1276
1275
1270
1267
1262
1260
1260
1259
1255
1255
1253
1249
1246
1243
1243
1239
1234
1234
1234
1234
1227
1226
1226
1226
1221
1218
1217
1213
1211
1201
1198
1190
1187
1185
1185
1182
1176
1176
1175
1172
1168
1168
1163
1161
1158
1157
1154
1153
1153
1144
1141
1140
1139
1135
1134
1130
1129
1127
1125
1125
1124
1123
1117
1117
1114
1113
1112
1110
1107
1106
1105
1097
1096
1094
1094
1089
1078
1074
1072
1070
1070
1069
1062
1061
1059
1059
1053
1048
1047
1046
1041
1038
1034
1029
1029
1026
1023
1022
1014
1013
1011
1011
999
996
984
984
983
982
980
979
973
973
972
970
966
965
965
962
962
962
959
956
955
954
953
949
949
946
943
941
940
939
939
936
933
930
927
926
918
914
913
912
910
908
899
899
893
892
888
886
886
886
886
885
882
879
878
875
874
873
871
867
866
865
864
863
863
862
859
858
858
857
856
851
849
847
843
840
840
839
838
835
828
826
822
822
819
818
817
815
808
803
802
801
800
800
797
793
786
783
783
781
780
769
764
755
754
734
730
728
721
718
717
710
710
709
708
706
703
703
702
702
700
698
695
691
690
689
679
679
678
677
674
671
670
670
669
664
658
657
654
647
647
640
636
635
634
634
633
632
628
625
624
622
617
616
605
603
602
595
595
592
586
583
581
581
578
576
575
572
570
569
563
560
560
558
556
554
554
554
551
549
547
546
546
545
541
540
538
534
531
530
527
526
526
518
512
510
501
500
498
495
492
487
483
481
474
470
467
460
460
459
457
456
454
452
450
446
437
423
423
418
413
412
412
410
407
403
400
398
398
386
385
384
384
383
380
379
378
377
375
374
371
370
366
366
362
357
348
343
342
340
339
338
337
336
335
332
330
330
329
328
328
327
326
326
325
325
322
321
317
312
310
309
308
307
304
302
299
298
297
296
296
294
292
292
289
285
282
281
277
277
276
274
272
270
267
263
250
245
245
238
238
238
234
232
227
225
222
220
217
216
212
210
208
208
204
199
197
195
194
192
191
190
190
188
187
178
178
175
173
173
173
171
170
166
166
165
165
163
162
162
160
157
155
155
150
148
143
143
141
141
137
134
132
130
129
127
126
121
118
117
115
113
112
107
98
97
93
90
88
84
83
83
81
79
78
75
74
68
67
65
61
61
58
49
49
47
42
37
37
31
31
26
25
19
18
14
12
11
8
7
6
5
5
