4995
4983
4958
4953
4944
4938
4929
4929
4927
4926
4919
4915
4912
4905
4888
4885
4884
4874
4866
4861
4839
4822
4813
4813
4811
4807
4792
4789
4777
4769
4765
4739
4734
4727
4727
4717
4715
4713
4703
4699
4697
4688
4659
4659
4634
4613
4611
4599
4582
4580
4576
4576
4572
4569
4563
4541
4539
4538
4533
4528
4505
4497
4496
4494
4486
4446
4426
4416
4407
4405
4399
4391
4391
4376
4375
4366
4348
4340
4337
4326
4324
4323
4311
4309
4295
4284
4282
4272
4264
4230
4227
4207
4187
4171
4165
4165
4149
4147
4134
4128
4119
4115
4114
4111
4097
4090
4085
4068
4067
4060
4059
4026
4021
4014
4011
4009
3991
3986
3969
3953
3940
3937
3934
3921
3917
3912
3896
3895
3883
3871
3856
3845
3844
3839
3835
3830
3822
3819
3819
3813
3786
3767
3759
3754
3736
3730
3719
3714
3713
3699
3678
3674
3664
3654
3642
3640
3626
3625
3618
3601
3585
3564
3561
3547
3530
3515
3513
3507
3496
3467
3465
3465
3463
3448
3446
3433
3433
3416
3414
3384
3383
3350
3347
3329
3323
3314
3309
3287
3259
3246
3222
3221
3214
3213
3211
3199
3197
3192
3182
3176
3176
3163
3161
3159
3154
3141
3133
3114
3114
3107
3103
3088
3043
3039
3015
3012
2998
2992
2990
2985
2982
2953
2947
2943
2932
2915
2906
2901
2897
2844
2837
2826
2824
2808
2806
2803
2793
2785
2755
2748
2747
2723
2716
2699
2695
2693
2684
2646
2631
2620
2598
2580
2579
2578
2566
2565
2556
2550
2534
2529
2529
2521
2519
2477
2465
2463
2461
2456
2455
2443
2440
2439
2421
2402
2392
2346
2343
2335
2331
2315
2304
2301
2296
2294
2273
2271
2262
2259
2257
2255
2240
2237
2236
2226
2219
2213
2213
2204
2201
2189
2187
2173
2171
2156
2142
2127
2123
2123
2111
2096
2091
2074
2059
2058
2032
2025
1999
1995
1987
1979
1977
1963
1962
1959
1955
1940
1935
1925
1908
1896
1890
1870
1868
1865
1855
1851
1848
1820
1810
1807
1796
1792
1778
1771
1757
1754
1737
1731
1726
1723
1719
1714
1684
1682
1678
1673
1669
1656
1635
1631
1622
1608
1578
1576
1564
1563
1556
1553
1537
1528
1520
1519
1506
1495
1480
1468
1468
1445
1440
1405
1397
1381
1365
1335
1318
1303
1256
1250
1241
1232
1224
1222
1213
1196
1194
1186
1185
1185
1182
1162
1162
1159
1158
1141
1128
1114
1102
1087
1079
1070
1069
1049
1047
1022
1018
1018
1011
1008
1005
997
994
990
979
970
950
944
922
919
892
843
815
783
782
738
735
711
705
695
666
661
648
636
628
616
599
567
564
564
563
546
535
521
504
503
500
495
467
461
459
459
452
430
417
407
396
391
377
375
367
332
311
305
302
298
277
275
251
243
241
232
228
206
205
199
189
160
160
158
157
139
138
134
125
119
109
79
51
41
10
10
