4999
4996
4992
4991
4991
4990
4990
4990
4988
4988
4988
4987
4987
4983
4983
4979
4978
4978
4977
4977
4976
4976
4976
4975
4974
4974
4973
4972
4972
4969
4969
4969
4968
4966
4966
4965
4965
4964
4962
4962
4961
4961
4960
4960
4960
4958
4957
4957
4954
4953
4953
4953
4952
4951
4951
4951
4944
4943
4943
4942
4939
4938
4937
4936
4933
4932
4932
4931
4930
4929
4928
4928
4928
4928
4926
4925
4924
4924
4922
4921
4920
4919
4918
4918
4918
4917
4917
4917
4917
4917
4916
4915
4914
4910
4906
4905
4904
4904
4904
4903
4903
4902
4900
4900
4899
4898
4898
4894
4890
4890
4890
4889
4889
4889
4888
4887
4886
4885
4885
4884
4882
4882
4881
4881
4879
4877
4874
4874
4873
4871
4868
4866
4866
4865
4863
4863
4862
4861
4860
4860
4860
4859
4858
4857
4853
4852
4852
4851
4851
4849
4849
4849
4849
4847
4846
4846
4845
4844
4843
4843
4843
4842
4842
4842
4841
4841
4840
4839
4837
4836
4833
4832
4831
4831
4829
4828
4828
4827
4827
4827
4826
4825
4824
4823
4823
4821
4820
4819
4819
4819
4818
4818
4817
4816
4815
4814
4811
4811
4810
4810
4809
4809
4808
4808
4807
4807
4804
4804
4804
4802
4801
4801
4799
4799
4798
4795
4795
4794
4792
4790
4790
4786
4786
4785
4784
4783
4783
4783
4782
4782
4781
4780
4779
4779
4777
4777
4776
4776
4775
4774
4773
4772
4772
4771
4770
4769
4768
4766
4765
4765
4764
4763
4762
4762
4761
4759
4759
4755
4754
4754
4754
4754
4753
4753
4753
4752
4752
4751
4751
4749
4747
4746
4746
4745
4743
4742
4741
4739
4739
4738
4738
4737
4737
4736
4734
4733
4733
4732
4730
4729
4727
4727
4726
4725
4725
4722
4719
4719
4717
4715
4715
4714
4714
4712
4711
4710
4710
4708
4705
4705
4705
4705
4704
4702
4701
4701
4701
4700
4699
4697
4697
4697
4697
4696
4695
4694
4692
4686
4686
4684
4684
4683
4683
4681
4677
4676
4676
4673
4671
4670
4668
4667
4664
4662
4661
4661
4661
4660
4660
4660
4658
4657
4657
4654
4653
4651
4649
4649
4646
4645
4644
4644
4642
4642
4641
4641
4640
4640
4640
4639
4638
4637
4637
4637
4635
4635
4634
4633
4631
4629
4628
4626
4626
4625
4624
4623
4623
4622
4621
4618
4618
4617
4616
4613
4611
4611
4610
4610
4610
4606
4605
4603
4597
4596
4596
4592
4591
4590
4589
4587
4587
4586
4586
4585
4584
4583
4582
4582
4582
4581
4579
4579
4578
4578
4577
4577
4576
4576
4575
4575
4575
4573
4572
4572
4571
4571
4568
4568
4567
4566
4563
4562
4562
4561
4561
4558
4558
4557
4557
4556
4556
4553
4549
4548
4547
4547
4547
4546
4546
4545
4545
4545
4544
4544
4543
4543
4541
4540
4540
4539
4537
4537
4536
4534
4529
4529
4526
4526
4525
4525
4524
4524
4523
4522
4521
4521
4521
4518
4518
4517
4517
4517
4516
4516
4515
4513
4512
4508
4507
4507
4507
4507
4506
4506
4506
4500
4499
4499
4499
4498
4497
4497
4495
4491
4490
4489
4488
4485
4484
4483
4483
4483
4483
4482
4481
4481
4480
4479
4476
4475
4473
4472
4472
4471
4471
4471
4470
4470
4470
4469
4467
4467
4466
4466
4466
4464
4463
4462
4461
4460
4460
4458
4456
4456
4453
4453
4452
4450
4449
4448
4447
4444
4443
4443
4443
4443
4442
4441
4441
4441
4436
4435
4434
4434
4433
4432
4431
4431
4430
4429
4428
4427
4427
4426
4426
4425
4425
4418
4414
4412
4409
4409
4409
4406
4405
4405
4404
4402
4401
4399
4398
4397
4393
4392
4392
4391
4391
4391
4388
4387
4383
4383
4383
4378
4378
4378
4378
4377
4374
4373
4372
4367
4367
4367
4364
4362
4359
4354
4354
4353
4353
4352
4351
4351
4350
4349
4347
4346
4345
4344
4344
4343
4343
4341
4340
4339
4338
4337
4337
4337
4335
4334
4332
4332
4332
4329
4329
4327
4327
4326
4325
4325
4324
4324
4323
4323
4323
4323
4322
4320
4320
4318
4317
4315
4314
4314
4311
4309
4309
4308
4307
4307
4306
4306
4305
4304
4302
4301
4300
4299
4298
4297
4297
4297
4296
4293
4293
4293
4293
4288
4279
4279
4278
4277
4277
4276
4276
4276
4275
4274
4272
4271
4270
4270
4269
4267
4264
4264
4263
4261
4260
4260
4260
4259
4259
4259
4258
4258
4257
4257
4254
4254
4253
4253
4253
4252
4252
4252
4251
4250
4248
4247
4247
4246
4244
4243
4242
4242
4242
4240
4240
4238
4237
4234
4232
4231
4230
4230
4230
4227
4226
4221
4221
4219
4218
4217
4215
4214
4213
4212
4211
4208
4206
4205
4205
4202
4202
4199
4198
4196
4196
4194
4193
4192
4192
4192
4192
4191
4191
4190
4190
4190
4190
4190
4189
4186
4186
4186
4184
4184
4183
4180
4180
4180
4178
4176
4175
4175
4174
4174
4173
4173
4171
4171
4170
4169
4167
4166
4163
4162
4160
4160
4160
4158
4158
4154
4154
4154
4152
4152
4150
4150
4150
4149
4148
4148
4146
4145
4144
4143
4143
4143
4141
4140
4134
4134
4132
4131
4130
4130
4129
4129
4128
4125
4124
4122
4122
4122
4121
4120
4120
4120
4119
4119
4119
4118
4118
4117
4115
4115
4115
4115
4114
4113
4113
4112
4111
4110
4109
4109
4105
4105
4103
4101
4100
4100
4097
4096
4096
4094
4094
4092
4089
4088
4088
4088
4087
4087
4085
4085
4084
4083
4083
4080
4079
4077
4076
4075
4073
4073
4073
4070
4067
4066
4065
4062
4059
4055
4053
4052
4050
4050
4050
4050
4049
4046
4045
4045
4044
4041
4040
4040
4040
4040
4039
4039
4037
4036
4034
4033
4032
4030
4030
4029
4027
4027
4027
4026
4025
4024
4024
4024
4024
4023
4023
4022
4021
4021
4021
4017
4015
4010
4009
4007
4006
4006
4005
4002
4001
3997
3997
3996
3996
3993
3991
3991
3990
3989
3989
3989
3988
3988
3988
3988
3987
3987
3987
3986
3986
3985
3985
3983
3980
3980
3979
3979
3978
3978
3978
3978
3975
3975
3973
3972
3972
3971
3971
3970
3970
3969
3969
3968
3966
3965
3965
3963
3963
3962
3961
3960
3959
3959
3958
3957
3955
3952
3951
3950
3949
3948
3945
3939
3939
3939
3939
3937
3935
3935
3934
3934
3931
3930
3930
3928
3928
3925
3924
3923
3921
3921
3918
3918
3917
3915
3915
3914
3913
3913
3912
3911
3907
3907
3906
3904
3903
3902
3901
3901
3900
3899
3898
3898
3898
3897
3894
3891
3891
3891
3889
3886
3886
3885
3884
3884
3883
3883
3882
3880
3879
3879
3879
3878
3875
3875
3875
3875
3875
3875
3874
3873
3872
3871
3870
3870
3868
3867
3867
3862
3861
3861
3860
3858
3858
3857
3853
3853
3853
3852
3851
3850
3850
3850
3849
3849
3847
3846
3846
3845
3845
3843
3843
3842
3842
3836
3836
3835
3835
3835
3834
3833
3833
3832
3831
3831
3827
3825
3824
3824
3822
3821
3818
3818
3817
3816
3816
3816
3811
3810
3809
3809
3803
3803
3802
3802
3800
3799
3798
3798
3798
3797
3797
3795
3795
3793
3791
3790
3790
3788
3788
3786
3785
3784
3783
3782
3781
3780
3779
3779
3778
3776
3776
3775
3773
3772
3771
3770
3770
3769
3769
3769
3768
3767
3766
3766
3765
3765
3764
3761
3759
3753
3753
3751
3749
3748
3742
3741
3740
3740
3736
3736
3734
3733
3732
3728
3728
3726
3724
3723
3723
3723
3722
3720
3719
3718
3718
3716
3715
3715
3714
3708
3707
3706
3706
3702
3701
3700
3699
3695
3692
3689
3689
3688
3688
3687
3687
3687
3687
3686
3684
3682
3682
3680
3680
3680
3679
3678
3678
3675
3673
3672
3672
3671
3671
3671
3671
3670
3669
3669
3668
3668
3668
3667
3667
3666
3666
3666
3665
3665
3663
3663
3660
3660
3659
3657
3655
3654
3650
3649
3647
3646
3646
3646
3646
3646
3644
3643
3643
3643
3643
3642
3642
3640
3639
3637
3636
3636
3634
3633
3632
3631
3629
3629
3628
3627
3626
3625
3625
3625
3624
3624
3622
3622
3620
3620
3619
3619
3619
3618
3618
3617
3616
3614
3613
3612
3610
3608
3607
3607
3606
3605
3605
3603
3602
3601
3598
3598
3598
3597
3596
3596
3596
3595
3593
3591
3590
3590
3590
3590
3589
3589
3587
3586
3586
3585
3584
3583
3582
3582
3580
3580
3580
3579
3575
3575
3574
3574
3573
3573
3573
3571
3571
3568
3566
3566
3565
3564
3561
3560
3559
3556
3555
3555
3553
3553
3551
3551
3550
3549
3548
3548
3548
3547
3546
3545
3544
3543
3542
3542
3539
3539
3539
3535
3535
3534
3533
3533
3532
3532
3530
3529
3528
3528
3528
3526
3525
3525
3525
3525
3525
3524
3523
3523
3522
3522
3521
3521
3520
3520
3520
3519
3519
3518
3518
3517
3516
3516
3514
3512
3511
3511
3510
3509
3507
3506
3506
3505
3505
3504
3502
3502
3501
3499
3496
3495
3494
3494
3492
3492
3492
3491
3490
3490
3490
3489
3489
3487
3487
3487
3487
3486
3483
3483
3482
3482
3481
3480
3479
3478
3478
3475
3472
3472
3471
3471
3470
3470
3470
3470
3469
3468
3467
3461
3461
3460
3459
3459
3457
3454
3454
3452
3452
3451
3447
3447
3446
3445
3445
3445
3444
3443
3442
3441
3441
3441
3439
3435
3433
3433
3432
3431
3431
3428
3427
3426
3425
3425
3424
3423
3423
3423
3422
3422
3421
3421
3420
3419
3419
3417
3417
3416
3416
3414
3414
3413
3413
3411
3410
3410
3408
3407
3407
3405
3405
3405
3405
3405
3404
3404
3404
3398
3397
3394
3394
3393
3392
3392
3391
3390
3389
3387
3387
3387
3385
3385
3384
3382
3382
3381
3381
3380
3380
3376
3376
3375
3375
3375
3371
3370
3369
3368
3367
3365
3364
3364
3363
3361
3359
3359
3358
3354
3354
3354
3352
3352
3349
3349
3348
3347
3345
3342
3342
3341
3340
3340
3340
3340
3340
3340
3338
3338
3334
3333
3333
3331
3330
3329
3329
3327
3325
3324
3323
3323
3323
3322
3322
3322
3322
3321
3320
3319
3318
3318
3317
3317
3317
3317
3313
3312
3312
3311
3310
3310
3310
3308
3305
3304
3304
3302
3302
3302
3301
3301
3299
3299
3294
3293
3293
3291
3290
3290
3287
3285
3284
3284
3284
3284
3284
3282
3282
3281
3280
3279
3278
3278
3276
3276
3275
3275
3275
3274
3273
3272
3271
3270
3270
3269
3266
3265
3264
3263
3262
3261
3261
3260
3260
3260
3260
3259
3256
3256
3256
3254
3254
3253
3253
3252
3251
3250
3250
3250
3250
3250
3248
3247
3245
3244
3242
3242
3240
3239
3238
3238
3237
3236
3236
3235
3235
3235
3233
3232
3232
3230
3230
3229
3229
3228
3228
3226
3225
3224
3224
3223
3222
3221
3221
3219
3218
3217
3216
3215
3214
3214
3213
3212
3210
3210
3209
3205
3205
3205
3205
3201
3201
3199
3199
3199
3199
3198
3198
3197
3197
3196
3196
3195
3193
3193
3192
3191
3191
3191
3191
3190
3190
3189
3187
3186
3184
3183
3180
3177
3176
3174
3173
3173
3173
3169
3169
3169
3168
3167
3166
3165
3164
3159
3158
3156
3155
3153
3153
3151
3151
3151
3151
3150
3150
3148
3146
3146
3145
3145
3145
3145
3144
3142
3142
3139
3138
3137
3136
3136
3134
3134
3133
3132
3132
3132
3132
3131
3131
3130
3129
3129
3129
3128
3127
3126
3125
3125
3125
3123
3122
3121
3121
3118
3117
3115
3114
3113
3113
3113
3112
3111
3109
3108
3106
3106
3106
3106
3106
3106
3105
3101
3101
3100
3100
3099
3098
3097
3097
3096
3094
3093
3092
3089
3089
3088
3088
3087
3087
3087
3087
3086
3086
3085
3085
3083
3082
3082
3080
3079
3077
3077
3076
3076
3075
3074
3073
3072
3071
3068
3065
3065
3065
3064
3062
3062
3061
3060
3059
3057
3057
3057
3054
3052
3049
3048
3048
3047
3046
3046
3046
3045
3044
3044
3042
3040
3038
3037
3036
3035
3034
3033
3032
3031
3031
3030
3030
3029
3029
3027
3025
3024
3023
3022
3022
3021
3019
3019
3018
3018
3017
3016
3016
3015
3015
3014
3011
3011
3010
3008
3006
3005
3005
3004
3004
3001
3001
3000
2999
2999
2999
2998
2998
2996
2995
2995
2994
2994
2993
2993
2992
2992
2989
2988
2988
2987
2986
2985
2983
2983
2983
2981
2980
2979
2978
2978
2977
2977
2976
2976
2974
2973
2972
2972
2971
2970
2969
2969
2969
2969
2967
2966
2966
2965
2964
2964
2963
2963
2963
2961
2961
2961
2960
2960
2957
2957
2957
2956
2956
2956
2955
2954
2950
2949
2949
2947
2946
2945
2944
2940
2940
2939
2939
2936
2936
2935
2934
2933
2932
2931
2931
2930
2929
2928
2927
2926
2926
2924
2924
2920
2919
2919
2918
2917
2917
2917
2916
2916
2916
2915
2913
2912
2911
2909
2908
2908
2906
2905
2904
2904
2904
2898
2897
2897
2895
2895
2895
2894
2893
2891
2889
2889
2889
2889
2888
2887
2883
2883
2882
2881
2881
2880
2878
2877
2877
2877
2876
2875
2875
2875
2874
2874
2873
2873
2872
2871
2868
2867
2867
2865
2864
2863
2863
2862
2861
2860
2859
2859
2858
2857
2857
2855
2855
2854
2851
2851
2849
2848
2848
2848
2845
2844
2843
2843
2841
2841
2841
2838
2838
2836
2833
2831
2831
2831
2829
2829
2828
2827
2827
2827
2826
2824
2822
2822
2819
2817
2817
2816
2815
2813
2812
2812
2810
2809
2808
2808
2808
2807
2805
2803
2802
2800
2800
2800
2799
2797
2797
2794
2794
2792
2792
2792
2791
2790
2790
2789
2788
2788
2788
2788
2785
2783
2783
2783
2782
2781
2781
2781
2778
2777
2776
2776
2776
2774
2774
2774
2772
2772
2769
2768
2766
2766
2765
2765
2764
2761
2761
2761
2760
2756
2756
2755
2754
2754
2753
2751
2751
2750
2750
2748
2746
2746
2742
2742
2741
2738
2736
2736
2735
2735
2735
2735
2735
2733
2733
2732
2731
2731
2729
2728
2726
2725
2725
2723
2722
2722
2719
2719
2716
2712
2711
2711
2711
2710
2708
2708
2707
2707
2706
2705
2704
2704
2704
2704
2703
2703
2701
2701
2700
2699
2698
2698
2698
2696
2693
2691
2688
2688
2687
2686
2685
2684
2684
2684
2683
2683
2681
2679
2679
2679
2678
2678
2676
2675
2675
2671
2670
2669
2668
2667
2666
2666
2664
2662
2661
2661
2661
2660
2660
2658
2658
2655
2654
2654
2652
2652
2646
2644
2644
2644
2642
2642
2642
2642
2641
2641
2641
2640
2640
2636
2636
2635
2633
2632
2631
2630
2630
2629
2628
2627
2626
2626
2625
2624
2624
2623
2622
2622
2622
2621
2619
2618
2618
2616
2616
2610
2609
2609
2608
2606
2602
2601
2600
2600
2600
2600
2599
2599
2598
2597
2596
2595
2593
2592
2591
2589
2587
2587
2586
2586
2584
2584
2583
2581
2580
2577
2577
2576
2576
2575
2575
2575
2574
2572
2570
2570
2569
2569
2569
2568
2567
2565
2565
2565
2560
2560
2556
2554
2553
2552
2550
2550
2550
2550
2549
2548
2548
2548
2547
2547
2547
2546
2545
2545
2544
2541
2538
2537
2537
2534
2534
2530
2529
2529
2528
2527
2526
2526
2523
2523
2522
2521
2521
2520
2520
2517
2517
2516
2516
2513
2513
2513
2512
2511
2509
2508
2507
2506
2505
2504
2504
2503
2503
2503
2501
2500
2500
2500
2499
2498
2497
2495
2494
2494
2493
2492
2491
2491
2486
2484
2484
2481
2478
2477
2476
2474
2474
2473
2472
2471
2470
2468
2468
2466
2461
2460
2459
2457
2457
2455
2455
2453
2453
2452
2452
2452
2451
2450
2450
2448
2448
2446
2446
2445
2443
2443
2441
2440
2440
2440
2439
2439
2437
2436
2436
2434
2433
2431
2430
2426
2424
2424
2423
2422
2421
2421
2421
2420
2416
2416
2415
2413
2412
2412
2412
2411
2409
2409
2407
2404
2403
2399
2399
2399
2398
2397
2397
2397
2396
2395
2392
2392
2389
2388
2388
2387
2387
2386
2383
2382
2381
2379
2378
2378
2378
2377
2376
2376
2374
2373
2373
2372
2372
2372
2369
2368
2368
2367
2366
2366
2363
2360
2360
2360
2359
2358
2358
2357
2357
2356
2354
2352
2352
2351
2350
2350
2349
2349
2348
2345
2343
2343
2342
2341
2340
2340
2339
2339
2337
2334
2332
2331
2331
2331
2330
2329
2329
2327
2326
2324
2323
2321
2320
2318
2317
2317
2316
2316
2315
2315
2315
2314
2314
2314
2312
2311
2311
2310
2309
2309
2308
2308
2307
2307
2306
2306
2305
2304
2303
2303
2301
2301
2300
2300
2299
2299
2298
2294
2293
2293
2291
2291
2290
2289
2288
2287
2287
2287
2286
2286
2285
2284
2283
2278
2277
2276
2276
2275
2272
2272
2270
2269
2266
2264
2262
2262
2259
2258
2258
2258
2257
2257
2256
2254
2253
2252
2250
2248
2248
2246
2246
2246
2246
2245
2244
2244
2241
2240
2240
2239
2238
2237
2237
2236
2236
2233
2232
2230
2230
2230
2229
2229
2228
2227
2226
2225
2225
2225
2225
2223
2218
2217
2217
2216
2216
2215
2215
2212
2212
2212
2210
2209
2208
2208
2207
2206
2206
2206
2205
2204
2203
2201
2200
2200
2200
2198
2196
2195
2195
2195
2194
2193
2192
2190
2189
2189
2187
2187
2186
2185
2184
2183
2182
2181
2181
2177
2175
2174
2172
2172
2171
2171
2170
2169
2168
2167
2166
2165
2165
2164
2162
2161
2159
2159
2158
2157
2157
2153
2153
2152
2152
2151
2151
2150
2149
2146
2145
2145
2144
2144
2144
2143
2140
2140
2138
2138
2135
2135
2131
2131
2129
2129
2128
2128
2128
2127
2125
2124
2122
2120
2120
2118
2117
2117
2115
2115
2113
2113
2109
2109
2108
2108
2107
2107
2107
2105
2105
2104
2104
2103
2100
2097
2097
2096
2095
2094
2093
2092
2091
2090
2090
2089
2089
2089
2087
2087
2087
2086
2086
2086
2086
2085
2083
2081
2080
2078
2077
2077
2076
2074
2074
2072
2068
2066
2065
2065
2065
2063
2062
2060
2059
2059
2058
2058
2057
2056
2056
2056
2055
2052
2051
2051
2049
2046
2045
2045
2043
2040
2040
2040
2038
2036
2035
2034
2033
2033
2033
2032
2031
2030
2029
2026
2026
2026
2026
2026
2025
2024
2024
2024
2024
2023
2022
2022
2021
2019
2019
2019
2018
2018
2017
2016
2016
2014
2014
2013
2010
2008
2004
1999
1999
1996
1995
1991
1990
1989
1988
1987
1986
1983
1979
1979
1976
1975
1975
1974
1973
1973
1971
1970
1970
1970
1969
1968
1967
1965
1963
1962
1961
1961
1961
1961
1960
1960
1960
1960
1959
1956
1955
1954
1952
1949
1948
1947
1946
1944
1943
1940
1939
1939
1939
1939
1938
1938
1938
1937
1935
1935
1931
1930
1930
1929
1929
1928
1926
1926
1925
1924
1923
1922
1920
1920
1919
1919
1918
1918
1918
1917
1917
1917
1916
1916
1915
1914
1909
1909
1908
1908
1907
1907
1906
1906
1904
1904
1903
1903
1902
1902
1902
1900
1899
1895
1895
1895
1894
1894
1893
1892
1891
1891
1889
1888
1886
1885
1884
1881
1880
1879
1877
1875
1873
1871
1869
1868
1868
1864
1863
1862
1861
1860
1860
1859
1859
1858
1857
1856
1856
1856
1854
1854
1853
1852
1852
1852
1850
1849
1849
1849
1848
1847
1847
1847
1846
1845
1845
1841
1841
1841
1840
1836
1835
1835
1832
1832
1832
1828
1827
1826
1826
1825
1825
1825
1824
1824
1823
1823
1822
1822
1821
1820
1815
1815
1814
1814
1813
1812
1811
1811
1810
1810
1805
1804
1802
1801
1801
1798
1796
1796
1793
1793
1791
1791
1790
1790
1789
1789
1787
1787
1786
1784
1783
1783
1781
1778
1777
1776
1775
1774
1774
1771
1771
1770
1769
1767
1767
1765
1761
1760
1759
1758
1758
1757
1757
1757
1755
1755
1754
1754
1753
1753
1751
1749
1749
1749
1749
1748
1748
1747
1743
1743
1742
1742
1741
1740
1738
1736
1735
1735
1733
1733
1733
1727
1725
1725
1725
1722
1722
1721
1718
1718
1718
1718
1717
1715
1714
1714
1713
1711
1711
1711
1707
1706
1706
1706
1705
1704
1703
1703
1703
1702
1699
1698
1698
1695
1694
1693
1693
1693
1690
1689
1688
1687
1687
1685
1684
1684
1684
1683
1683
1681
1681
1681
1681
1680
1677
1677
1675
1675
1675
1675
1674
1672
1671
1670
1670
1669
1669
1669
1668
1667
1666
1666
1664
1662
1662
1661
1661
1658
1658
1656
1656
1655
1653
1653
1653
1653
1653
1652
1652
1651
1651
1650
1649
1648
1647
1644
1643
1643
1643
1641
1640
1639
1638
1637
1636
1635
1632
1630
1629
1628
1628
1625
1625
1623
1623
1619
1619
1617
1614
1613
1612
1610
1610
1608
1608
1607
1600
1596
1594
1594
1593
1593
1593
1592
1592
1592
1589
1589
1588
1587
1585
1585
1582
1582
1581
1581
1580
1577
1576
1575
1575
1572
1570
1570
1569
1569
1569
1567
1567
1567
1565
1565
1564
1563
1563
1562
1562
1561
1561
1559
1557
1557
1556
1555
1554
1554
1553
1551
1550
1548
1547
1547
1545
1545
1543
1542
1541
1541
1541
1539
1539
1538
1537
1536
1534
1533
1531
1531
1531
1529
1528
1527
1525
1525
1524
1523
1520
1520
1519
1518
1518
1517
1517
1516
1516
1515
1515
1514
1514
1514
1514
1513
1512
1512
1511
1510
1509
1508
1506
1506
1506
1506
1506
1505
1503
1502
1501
1501
1498
1494
1492
1492
1488
1486
1486
1485
1485
1485
1484
1483
1482
1482
1480
1480
1479
1477
1475
1473
1471
1471
1471
1471
1470
1468
1468
1465
1465
1464
1461
1460
1457
1455
1454
1453
1453
1453
1451
1450
1446
1443
1443
1441
1440
1438
1437
1436
1436
1436
1435
1434
1434
1432
1431
1431
1429
1429
1426
1426
1426
1423
1422
1420
1420
1420
1418
1417
1416
1415
1414
1414
1413
1412
1411
1411
1411
1410
1409
1409
1409
1408
1404
1403
1403
1401
1400
1399
1398
1397
1397
1396
1396
1396
1394
1394
1392
1391
1391
1390
1386
1385
1381
1381
1380
1380
1379
1379
1378
1378
1378
1377
1376
1375
1374
1374
1373
1372
1371
1371
1371
1367
1367
1364
1362
1360
1358
1356
1355
1355
1354
1352
1351
1350
1350
1349
1347
1346
1344
1342
1342
1339
1338
1337
1336
1333
1332
1332
1332
1332
1331
1331
1327
1327
1325
1322
1322
1322
1322
1321
1321
1321
1321
1320
1319
1317
1315
1314
1312
1312
1311
1310
1308
1308
1306
1304
1304
1302
1302
1302
1301
1298
1298
1296
1295
1294
1294
1293
1291
1291
1290
1288
1287
1286
1286
1286
1286
1284
1282
1282
1281
1281
1280
1280
1279
1277
1276
1275
1273
1271
1271
1269
1267
1266
1264
1263
1263
1263
1262
1261
1260
1260
1259
1259
1258
1258
1258
1257
1257
1256
1255
1255
1252
1252
1250
1249
1249
1248
1247
1247
1246
1244
1242
1241
1240
1240
1240
1238
1237
1236
1236
1236
1235
1232
1231
1231
1231
1230
1229
1229
1228
1228
1228
1226
1226
1225
1225
1224
1223
1222
1221
1221
1219
1219
1214
1214
1214
1212
1212
1212
1211
1211
1209
1207
1206
1206
1204
1203
1203
1202
1200
1200
1200
1199
1198
1198
1198
1197
1197
1196
1196
1196
1194
1193
1191
1189
1188
1186
1186
1186
1184
1184
1183
1182
1181
1181
1181
1181
1181
1179
1175
1173
1170
1169
1169
1168
1167
1167
1167
1166
1164
1164
1163
1163
1162
1161
1161
1160
1160
1160
1158
1156
1154
1152
1150
1150
1147
1146
1146
1146
1145
1143
1141
1140
1137
1136
1133
1132
1132
1129
1128
1128
1128
1125
1124
1124
1123
1122
1120
1120
1120
1116
1115
1115
1115
1112
1112
1110
1109
1109
1109
1108
1108
1106
1105
1104
1104
1104
1104
1102
1101
1101
1099
1099
1099
1099
1098
1098
1098
1097
1096
1094
1094
1092
1092
1091
1090
1090
1089
1082
1082
1081
1079
1079
1079
1079
1079
1077
1075
1075
1075
1074
1073
1072
1069
1067
1067
1066
1065
1065
1062
1059
1059
1056
1056
1055
1053
1052
1051
1051
1049
1048
1045
1045
1045
1044
1044
1043
1042
1042
1041
1041
1041
1040
1040
1039
1039
1038
1038
1038
1037
1035
1032
1032
1032
1031
1031
1031
1030
1028
1027
1027
1026
1025
1022
1021
1021
1021
1019
1018
1018
1016
1015
1014
1014
1013
1013
1012
1011
1011
1010
1007
1007
1007
1005
1005
1004
1003
1001
1001
1000
999
999
998
998
995
995
995
993
992
991
991
990
989
988
986
986
985
985
983
982
982
981
981
981
980
978
977
976
975
974
973
973
971
970
966
966
965
965
965
964
963
962
958
957
957
954
953
953
952
952
949
948
948
948
946
946
945
944
943
940
939
938
938
934
933
932
932
932
932
931
929
926
925
923
922
922
920
919
919
919
919
919
918
918
918
918
917
914
913
910
910
909
908
907
906
906
905
904
902
901
900
898
898
897
896
896
896
895
893
892
891
890
888
887
886
884
883
879
879
878
878
878
877
876
876
876
875
873
873
871
870
870
870
869
868
867
867
864
863
862
862
861
861
860
859
858
858
858
857
857
857
856
855
855
853
853
852
852
852
852
848
847
846
846
846
845
845
844
844
843
843
841
839
838
838
838
837
837
835
835
834
834
834
834
833
832
832
832
831
831
829
829
828
827
827
826
825
823
823
821
821
821
820
819
819
818
817
816
816
816
816
815
814
813
813
813
813
812
812
812
811
810
808
806
805
804
803
802
801
799
797
796
795
795
795
794
791
791
789
785
785
785
783
783
780
779
779
778
778
778
777
776
774
773
772
770
770
765
765
764
764
764
764
762
762
761
760
760
760
756
756
756
754
752
751
750
750
747
745
744
743
743
739
738
737
736
735
734
733
733
731
731
729
727
727
726
724
724
723
723
721
720
720
718
716
716
715
711
711
710
710
709
707
707
706
706
705
705
704
703
702
701
699
699
698
698
698
695
695
693
691
691
689
688
687
687
684
683
683
682
682
680
680
679
679
678
678
678
678
677
677
677
676
673
673
672
672
671
669
666
665
664
662
661
661
658
657
656
653
651
651
649
646
645
641
639
638
636
636
635
634
633
633
633
630
630
629
629
628
628
627
626
626
625
625
625
623
622
622
620
620
618
615
613
612
611
611
610
609
609
607
606
602
602
601
598
594
591
590
590
590
590
589
588
586
584
584
584
582
580
579
579
579
579
578
578
578
578
575
574
572
571
571
571
570
570
569
568
568
568
565
565
565
565
561
558
558
557
556
555
554
553
553
550
550
549
548
544
543
543
542
542
541
540
538
537
537
532
531
528
527
525
525
524
524
523
523
522
522
522
521
521
519
518
518
518
518
517
516
515
514
511
510
509
509
509
508
508
507
506
504
503
502
500
499
498
496
494
494
492
492
489
489
489
487
487
482
482
481
480
479
479
479
478
477
477
474
474
474
473
472
471
471
471
470
469
469
469
468
467
467
467
466
466
465
464
464
464
463
461
461
459
459
459
456
455
455
451
449
449
449
447
447
446
446
445
440
440
440
439
438
438
435
434
434
434
433
433
433
432
431
430
427
426
426
425
421
420
419
419
417
417
416
415
415
414
410
410
410
404
402
402
401
401
401
399
398
397
397
396
393
393
392
392
392
392
390
389
389
388
387
385
385
385
383
383
379
377
376
374
370
370
366
366
354
353
352
347
347
344
343
342
340
339
338
336
336
336
333
333
331
329
328
326
326
324
324
323
321
320
320
319
319
318
317
317
316
316
315
315
314
313
312
311
306
305
304
304
303
303
301
299
298
297
292
292
291
290
290
290
290
288
288
285
285
285
284
283
280
279
278
277
275
275
274
274
273
272
272
271
271
269
269
269
268
265
265
263
261
261
260
259
257
256
256
255
253
252
248
246
245
245
243
243
243
237
234
233
232
232
232
231
231
230
229
227
227
226
225
225
221
220
219
218
218
215
214
214
213
211
210
209
209
207
206
205
204
204
202
201
201
199
199
199
198
195
193
192
191
190
190
188
185
183
183
182
181
180
179
179
178
175
175
174
172
170
170
170
170
167
167
166
161
161
159
155
153
152
146
145
144
144
144
144
143
143
142
141
140
136
136
134
133
133
132
132
132
131
130
129
127
127
124
123
122
121
119
118
117
115
112
112
111
109
108
108
105
104
102
102
101
101
100
100
100
99
97
95
93
93
93
92
91
89
87
87
85
84
83
82
82
81
79
79
78
77
76
76
75
75
75
74
73
72
72
71
70
70
70
70
68
67
67
62
59
53
53
53
53
51
51
51
50
50
49
49
46
45
45
45
44
42
42
42
41
41
40
39
38
36
34
34
34
33
33
33
30
30
30
30
29
28
28
27
27
26
24
24
21
21
21
20
20
19
19
17
16
16
15
15
14
13
12
12
11
11
10
8
8
7
7
6
5
5
4
3
2
2
2
2
1
